-4.75 0 7.25 6
2.5 0 7.25 6
-12 0 3.625 6
-12 6 3.625 6
13.375 0 3.625 6
13.375 6 3.625 6
-8.375 9 3.625 3
9.75 9 3.625 3
-6.5625 0 1.8125 3
-8.375 6 1.8125 3
9.75 0 1.8125 3
11.5625 6 1.8125 3
-6.5625 3 1.8125 1.5
-2.9375 6 1.8125 1.5
-4.75 10.5 1.8125 1.5
-1.125 6 1.8125 1.5
0.6875 6 1.8125 1.5
2.5 6 1.8125 1.5
4.3125 6 1.8125 1.5
6.125 6 1.8125 1.5
7.9375 10.5 1.8125 1.5
9.75 3 1.8125 1.5
-7.46875 0 0.90625 1.5
-8.375 1.5 0.90625 1.5
-7.46875 1.5 0.90625 1.5
-8.375 3 0.90625 1.5
-8.375 4.5 0.90625 1.5
-5.65625 4.5 0.90625 1.5
-6.5625 7.5 0.90625 1.5
-3.84375 6 0.90625 1.5
-4.75 9 0.90625 1.5
-2.9375 10.5 0.90625 1.5
7.9375 6 0.90625 1.5
7.03125 10.5 0.90625 1.5
8.84375 9 0.90625 1.5
11.5625 0 0.90625 1.5
11.5625 1.5 0.90625 1.5
12.4688 1.5 0.90625 1.5
9.75 4.5 0.90625 1.5
12.4688 3 0.90625 1.5
12.4688 4.5 0.90625 1.5
10.6562 7.5 0.90625 1.5
-7.46875 3 0.90625 0.75
-7.46875 5.25 0.90625 0.75
-6.5625 4.5 0.90625 0.75
-5.65625 6 0.90625 0.75
-5.65625 8.25 0.90625 0.75
-4.75 6 0.90625 0.75
-2.03125 11.25 0.90625 0.75
-1.125 11.25 0.90625 0.75
5.21875 11.25 0.90625 0.75
8.84375 6 0.90625 0.75
6.125 11.25 0.90625 0.75
10.6562 4.5 0.90625 0.75
11.5625 3 0.90625 0.75
11.5625 5.25 0.90625 0.75
9.75 6 0.90625 0.75
9.75 8.25 0.90625 0.75
-7.92188 0 0.453125 0.75
-7.92188 0.75 0.453125 0.75
-7.46875 3.75 0.453125 0.75
-7.46875 4.5 0.453125 0.75
-6.5625 5.25 0.453125 0.75
-6.5625 6 0.453125 0.75
-6.5625 6.75 0.453125 0.75
-5.65625 7.5 0.453125 0.75
-4.75 8.25 0.453125 0.75
-3.84375 9 0.453125 0.75
-3.84375 9.75 0.453125 0.75
9.29688 8.25 0.453125 0.75
8.39062 9 0.453125 0.75
8.39062 9.75 0.453125 0.75
12.4688 0 0.453125 0.75
12.4688 0.75 0.453125 0.75
11.1094 5.25 0.453125 0.75
12.0156 3.75 0.453125 0.75
12.0156 4.5 0.453125 0.75
11.1094 6 0.453125 0.75
11.1094 6.75 0.453125 0.75
10.2031 7.5 0.453125 0.75
-8.375 1.125 0.453125 0.375
-6.10938 5.25 0.453125 0.375
-6.10938 7.125 0.453125 0.375
-5.65625 7.125 0.453125 0.375
-3.84375 7.5 0.453125 0.375
-3.39062 7.5 0.453125 0.375
-2.9375 7.5 0.453125 0.375
-2.48438 7.5 0.453125 0.375
-2.03125 7.5 0.453125 0.375
-1.57812 7.5 0.453125 0.375
-3.39062 10.125 0.453125 0.375
-2.9375 10.125 0.453125 0.375
-2.48438 10.125 0.453125 0.375
-1.125 7.5 0.453125 0.375
-0.671875 7.5 0.453125 0.375
-0.21875 7.5 0.453125 0.375
0.234375 7.5 0.453125 0.375
0.6875 7.5 0.453125 0.375
1.14062 7.5 0.453125 0.375
1.59375 7.5 0.453125 0.375
2.04688 7.5 0.453125 0.375
2.5 7.5 0.453125 0.375
2.95312 7.5 0.453125 0.375
3.40625 7.5 0.453125 0.375
3.85938 7.5 0.453125 0.375
4.3125 7.5 0.453125 0.375
4.76562 7.5 0.453125 0.375
5.21875 7.5 0.453125 0.375
5.67188 7.5 0.453125 0.375
6.125 7.5 0.453125 0.375
6.57812 7.5 0.453125 0.375
7.03125 7.5 0.453125 0.375
7.48438 7.5 0.453125 0.375
7.9375 7.5 0.453125 0.375
8.39062 7.5 0.453125 0.375
7.03125 10.125 0.453125 0.375
7.48438 10.125 0.453125 0.375
7.9375 10.125 0.453125 0.375
12.9219 1.125 0.453125 0.375
10.6562 5.25 0.453125 0.375
10.2031 7.125 0.453125 0.375
10.6562 7.125 0.453125 0.375
-8.375 0 0.226562 0.375
-8.375 0.375 0.226562 0.375
-8.375 0.75 0.226562 0.375
-6.78906 3.75 0.226562 0.375
-6.78906 4.125 0.226562 0.375
-6.78906 4.5 0.226562 0.375
-6.78906 4.875 0.226562 0.375
-5.88281 5.625 0.226562 0.375
-5.88281 6 0.226562 0.375
-5.88281 6.375 0.226562 0.375
-4.29688 8.25 0.226562 0.375
-4.29688 8.625 0.226562 0.375
-3.39062 9 0.226562 0.375
-3.39062 9.375 0.226562 0.375
-3.39062 9.75 0.226562 0.375
9.07031 8.25 0.226562 0.375
9.07031 8.625 0.226562 0.375
8.16406 9 0.226562 0.375
8.16406 9.375 0.226562 0.375
8.16406 9.75 0.226562 0.375
13.1484 0 0.226562 0.375
13.1484 0.375 0.226562 0.375
13.1484 0.75 0.226562 0.375
10.6562 5.625 0.226562 0.375
11.5625 3.75 0.226562 0.375
11.5625 4.125 0.226562 0.375
11.5625 4.5 0.226562 0.375
11.5625 4.875 0.226562 0.375
10.6562 6 0.226562 0.375
10.6562 6.375 0.226562 0.375
-7.01562 3.75 0.226562 0.1875
-7.01562 5.0625 0.226562 0.1875
-6.10938 5.625 0.226562 0.1875
-5.88281 6.75 0.226562 0.1875
-5.65625 6.75 0.226562 0.1875
-5.42969 6.75 0.226562 0.1875
-5.20312 6.75 0.226562 0.1875
-4.97656 6.75 0.226562 0.1875
-5.20312 8.0625 0.226562 0.1875
-4.97656 8.0625 0.226562 0.1875
-4.75 6.75 0.226562 0.1875
-4.52344 6.75 0.226562 0.1875
-4.29688 6.75 0.226562 0.1875
-4.07031 6.75 0.226562 0.1875
-4.75 8.0625 0.226562 0.1875
-4.52344 8.0625 0.226562 0.1875
-4.29688 8.0625 0.226562 0.1875
-2.03125 11.0625 0.226562 0.1875
-1.80469 11.0625 0.226562 0.1875
-1.57812 11.0625 0.226562 0.1875
-1.35156 11.0625 0.226562 0.1875
-1.125 11.0625 0.226562 0.1875
-0.898438 11.0625 0.226562 0.1875
-0.671875 11.0625 0.226562 0.1875
-0.445312 11.0625 0.226562 0.1875
5.21875 11.0625 0.226562 0.1875
5.44531 11.0625 0.226562 0.1875
5.67188 11.0625 0.226562 0.1875
5.89844 11.0625 0.226562 0.1875
8.84375 6.75 0.226562 0.1875
9.07031 6.75 0.226562 0.1875
9.29688 6.75 0.226562 0.1875
9.52344 6.75 0.226562 0.1875
9.07031 8.0625 0.226562 0.1875
9.29688 8.0625 0.226562 0.1875
9.52344 8.0625 0.226562 0.1875
6.125 11.0625 0.226562 0.1875
6.35156 11.0625 0.226562 0.1875
6.57812 11.0625 0.226562 0.1875
6.80469 11.0625 0.226562 0.1875
10.8828 5.625 0.226562 0.1875
11.7891 3.75 0.226562 0.1875
11.7891 5.0625 0.226562 0.1875
9.75 6.75 0.226562 0.1875
9.97656 6.75 0.226562 0.1875
10.2031 6.75 0.226562 0.1875
10.4297 6.75 0.226562 0.1875
10.6562 6.75 0.226562 0.1875
9.75 8.0625 0.226562 0.1875
9.97656 8.0625 0.226562 0.1875
-8.14844 0 0.113281 0.1875
-8.14844 0.1875 0.113281 0.1875
-8.14844 0.375 0.113281 0.1875
-8.14844 0.5625 0.113281 0.1875
-8.14844 0.75 0.113281 0.1875
-8.14844 0.9375 0.113281 0.1875
-6.90234 3.9375 0.113281 0.1875
-6.90234 4.125 0.113281 0.1875
-6.90234 4.3125 0.113281 0.1875
-6.90234 4.5 0.113281 0.1875
-6.90234 4.6875 0.113281 0.1875
-6.90234 4.875 0.113281 0.1875
-5.99609 5.8125 0.113281 0.1875
-5.99609 6 0.113281 0.1875
-5.99609 6.1875 0.113281 0.1875
-5.99609 6.375 0.113281 0.1875
-5.99609 6.5625 0.113281 0.1875
-5.99609 6.75 0.113281 0.1875
-5.20312 7.125 0.113281 0.1875
-5.20312 7.3125 0.113281 0.1875
-5.20312 7.5 0.113281 0.1875
-5.20312 7.6875 0.113281 0.1875
-5.20312 7.875 0.113281 0.1875
-3.95703 6.9375 0.113281 0.1875
-3.95703 7.125 0.113281 0.1875
-3.95703 7.3125 0.113281 0.1875
-3.95703 7.5 0.113281 0.1875
-3.95703 7.6875 0.113281 0.1875
-3.16406 9 0.113281 0.1875
-3.16406 9.1875 0.113281 0.1875
-3.16406 9.375 0.113281 0.1875
-3.16406 9.5625 0.113281 0.1875
-3.16406 9.75 0.113281 0.1875
-3.16406 9.9375 0.113281 0.1875
-0.21875 11.0625 0.113281 0.1875
-0.21875 11.25 0.113281 0.1875
-0.21875 11.4375 0.113281 0.1875
-0.21875 11.625 0.113281 0.1875
-0.21875 11.8125 0.113281 0.1875
5.10547 11.0625 0.113281 0.1875
5.10547 11.25 0.113281 0.1875
5.10547 11.4375 0.113281 0.1875
5.10547 11.625 0.113281 0.1875
5.10547 11.8125 0.113281 0.1875
8.84375 6.9375 0.113281 0.1875
8.84375 7.125 0.113281 0.1875
8.84375 7.3125 0.113281 0.1875
8.84375 7.5 0.113281 0.1875
8.84375 7.6875 0.113281 0.1875
8.05078 9 0.113281 0.1875
8.05078 9.1875 0.113281 0.1875
8.05078 9.375 0.113281 0.1875
8.05078 9.5625 0.113281 0.1875
8.05078 9.75 0.113281 0.1875
8.05078 9.9375 0.113281 0.1875
13.0352 0 0.113281 0.1875
13.0352 0.1875 0.113281 0.1875
13.0352 0.375 0.113281 0.1875
13.0352 0.5625 0.113281 0.1875
13.0352 0.75 0.113281 0.1875
13.0352 0.9375 0.113281 0.1875
10.8828 5.8125 0.113281 0.1875
11.7891 3.9375 0.113281 0.1875
11.7891 4.125 0.113281 0.1875
11.7891 4.3125 0.113281 0.1875
11.7891 4.5 0.113281 0.1875
11.7891 4.6875 0.113281 0.1875
11.7891 4.875 0.113281 0.1875
10.0898 7.125 0.113281 0.1875
10.0898 7.3125 0.113281 0.1875
10.8828 6 0.113281 0.1875
10.8828 6.1875 0.113281 0.1875
10.8828 6.375 0.113281 0.1875
10.8828 6.5625 0.113281 0.1875
10.8828 6.75 0.113281 0.1875
10.0898 7.5 0.113281 0.1875
10.0898 7.6875 0.113281 0.1875
10.0898 7.875 0.113281 0.1875
-8.03516 1.03125 0.113281 0.09375
-6.10938 5.8125 0.113281 0.09375
-6.10938 7.03125 0.113281 0.09375
-5.99609 7.03125 0.113281 0.09375
-5.88281 7.03125 0.113281 0.09375
-5.76953 7.03125 0.113281 0.09375
-5.65625 7.03125 0.113281 0.09375
-5.54297 7.03125 0.113281 0.09375
-5.42969 7.03125 0.113281 0.09375
-5.31641 7.03125 0.113281 0.09375
-5.20312 7.03125 0.113281 0.09375
-3.95703 7.875 0.113281 0.09375
-3.84375 7.875 0.113281 0.09375
-3.73047 7.875 0.113281 0.09375
-3.61719 7.875 0.113281 0.09375
-3.50391 7.875 0.113281 0.09375
-3.39062 7.875 0.113281 0.09375
-3.27734 7.875 0.113281 0.09375
-3.16406 7.875 0.113281 0.09375
-3.05078 7.875 0.113281 0.09375
-2.9375 7.875 0.113281 0.09375
-2.82422 7.875 0.113281 0.09375
-2.71094 7.875 0.113281 0.09375
-2.59766 7.875 0.113281 0.09375
-2.48438 7.875 0.113281 0.09375
-2.37109 7.875 0.113281 0.09375
-2.25781 7.875 0.113281 0.09375
-2.14453 7.875 0.113281 0.09375
-2.03125 7.875 0.113281 0.09375
-1.91797 7.875 0.113281 0.09375
-1.80469 7.875 0.113281 0.09375
-1.69141 7.875 0.113281 0.09375
-1.57812 7.875 0.113281 0.09375
-1.46484 7.875 0.113281 0.09375
-1.35156 7.875 0.113281 0.09375
-1.23828 7.875 0.113281 0.09375
-3.05078 10.0312 0.113281 0.09375
-2.9375 10.0312 0.113281 0.09375
-2.82422 10.0312 0.113281 0.09375
-2.71094 10.0312 0.113281 0.09375
-2.59766 10.0312 0.113281 0.09375
-2.48438 10.0312 0.113281 0.09375
-2.37109 10.0312 0.113281 0.09375
-2.25781 10.0312 0.113281 0.09375
-2.14453 10.0312 0.113281 0.09375
-1.125 7.875 0.113281 0.09375
-1.01172 7.875 0.113281 0.09375
-0.898438 7.875 0.113281 0.09375
-0.785156 7.875 0.113281 0.09375
-0.671875 7.875 0.113281 0.09375
-0.558594 7.875 0.113281 0.09375
-0.445312 7.875 0.113281 0.09375
-0.332031 7.875 0.113281 0.09375
-0.21875 7.875 0.113281 0.09375
-0.105469 7.875 0.113281 0.09375
0.0078125 7.875 0.113281 0.09375
0.121094 7.875 0.113281 0.09375
0.234375 7.875 0.113281 0.09375
0.347656 7.875 0.113281 0.09375
0.460938 7.875 0.113281 0.09375
0.574219 7.875 0.113281 0.09375
0.6875 7.875 0.113281 0.09375
0.800781 7.875 0.113281 0.09375
0.914062 7.875 0.113281 0.09375
1.02734 7.875 0.113281 0.09375
1.14062 7.875 0.113281 0.09375
1.25391 7.875 0.113281 0.09375
1.36719 7.875 0.113281 0.09375
1.48047 7.875 0.113281 0.09375
1.59375 7.875 0.113281 0.09375
1.70703 7.875 0.113281 0.09375
1.82031 7.875 0.113281 0.09375
1.93359 7.875 0.113281 0.09375
2.04688 7.875 0.113281 0.09375
2.16016 7.875 0.113281 0.09375
2.27344 7.875 0.113281 0.09375
2.38672 7.875 0.113281 0.09375
2.5 7.875 0.113281 0.09375
2.61328 7.875 0.113281 0.09375
2.72656 7.875 0.113281 0.09375
2.83984 7.875 0.113281 0.09375
2.95312 7.875 0.113281 0.09375
3.06641 7.875 0.113281 0.09375
3.17969 7.875 0.113281 0.09375
3.29297 7.875 0.113281 0.09375
3.40625 7.875 0.113281 0.09375
3.51953 7.875 0.113281 0.09375
3.63281 7.875 0.113281 0.09375
3.74609 7.875 0.113281 0.09375
3.85938 7.875 0.113281 0.09375
3.97266 7.875 0.113281 0.09375
4.08594 7.875 0.113281 0.09375
4.19922 7.875 0.113281 0.09375
4.3125 7.875 0.113281 0.09375
4.42578 7.875 0.113281 0.09375
4.53906 7.875 0.113281 0.09375
4.65234 7.875 0.113281 0.09375
4.76562 7.875 0.113281 0.09375
4.87891 7.875 0.113281 0.09375
4.99219 7.875 0.113281 0.09375
5.10547 7.875 0.113281 0.09375
5.21875 7.875 0.113281 0.09375
5.33203 7.875 0.113281 0.09375
5.44531 7.875 0.113281 0.09375
5.55859 7.875 0.113281 0.09375
5.67188 7.875 0.113281 0.09375
5.78516 7.875 0.113281 0.09375
5.89844 7.875 0.113281 0.09375
6.01172 7.875 0.113281 0.09375
6.125 7.875 0.113281 0.09375
6.23828 7.875 0.113281 0.09375
6.35156 7.875 0.113281 0.09375
6.46484 7.875 0.113281 0.09375
6.57812 7.875 0.113281 0.09375
6.69141 7.875 0.113281 0.09375
6.80469 7.875 0.113281 0.09375
6.91797 7.875 0.113281 0.09375
7.03125 7.875 0.113281 0.09375
7.14453 7.875 0.113281 0.09375
7.25781 7.875 0.113281 0.09375
7.37109 7.875 0.113281 0.09375
7.48438 7.875 0.113281 0.09375
7.59766 7.875 0.113281 0.09375
7.71094 7.875 0.113281 0.09375
7.82422 7.875 0.113281 0.09375
7.9375 7.875 0.113281 0.09375
8.05078 7.875 0.113281 0.09375
8.16406 7.875 0.113281 0.09375
8.27734 7.875 0.113281 0.09375
8.39062 7.875 0.113281 0.09375
8.50391 7.875 0.113281 0.09375
8.61719 7.875 0.113281 0.09375
8.73047 7.875 0.113281 0.09375
8.84375 7.875 0.113281 0.09375
7.03125 10.0312 0.113281 0.09375
7.14453 10.0312 0.113281 0.09375
7.25781 10.0312 0.113281 0.09375
7.37109 10.0312 0.113281 0.09375
7.48438 10.0312 0.113281 0.09375
7.59766 10.0312 0.113281 0.09375
7.71094 10.0312 0.113281 0.09375
7.82422 10.0312 0.113281 0.09375
7.9375 10.0312 0.113281 0.09375
12.9219 1.03125 0.113281 0.09375
10.9961 5.8125 0.113281 0.09375
10.0898 7.03125 0.113281 0.09375
10.2031 7.03125 0.113281 0.09375
10.3164 7.03125 0.113281 0.09375
10.4297 7.03125 0.113281 0.09375
10.543 7.03125 0.113281 0.09375
10.6562 7.03125 0.113281 0.09375
10.7695 7.03125 0.113281 0.09375
10.8828 7.03125 0.113281 0.09375
10.9961 7.03125 0.113281 0.09375
-7.97852 0 0.0566406 0.09375
-7.97852 0.09375 0.0566406 0.09375
-7.97852 0.1875 0.0566406 0.09375
-7.97852 0.28125 0.0566406 0.09375
-7.97852 0.375 0.0566406 0.09375
-7.97852 0.46875 0.0566406 0.09375
-7.97852 0.5625 0.0566406 0.09375
-7.97852 0.65625 0.0566406 0.09375
-7.97852 0.75 0.0566406 0.09375
-7.97852 0.84375 0.0566406 0.09375
-7.97852 0.9375 0.0566406 0.09375
-6.95898 3.9375 0.0566406 0.09375
-6.95898 4.03125 0.0566406 0.09375
-6.95898 4.125 0.0566406 0.09375
-6.95898 4.21875 0.0566406 0.09375
-6.95898 4.3125 0.0566406 0.09375
-6.95898 4.40625 0.0566406 0.09375
-6.95898 4.5 0.0566406 0.09375
-6.95898 4.59375 0.0566406 0.09375
-6.95898 4.6875 0.0566406 0.09375
-6.95898 4.78125 0.0566406 0.09375
-6.95898 4.875 0.0566406 0.09375
-6.95898 4.96875 0.0566406 0.09375
-6.10938 5.90625 0.0566406 0.09375
-6.10938 6 0.0566406 0.09375
-6.10938 6.09375 0.0566406 0.09375
-6.10938 6.1875 0.0566406 0.09375
-6.10938 6.28125 0.0566406 0.09375
-6.10938 6.375 0.0566406 0.09375
-6.10938 6.46875 0.0566406 0.09375
-6.10938 6.5625 0.0566406 0.09375
-6.10938 6.65625 0.0566406 0.09375
-6.10938 6.75 0.0566406 0.09375
-6.10938 6.84375 0.0566406 0.09375
-6.10938 6.9375 0.0566406 0.09375
-5.08984 7.03125 0.0566406 0.09375
-5.08984 7.125 0.0566406 0.09375
-5.08984 7.21875 0.0566406 0.09375
-5.08984 7.3125 0.0566406 0.09375
-5.08984 7.40625 0.0566406 0.09375
-5.08984 7.5 0.0566406 0.09375
-5.08984 7.59375 0.0566406 0.09375
-5.08984 7.6875 0.0566406 0.09375
-5.08984 7.78125 0.0566406 0.09375
-5.08984 7.875 0.0566406 0.09375
-5.08984 7.96875 0.0566406 0.09375
-4.07031 8.0625 0.0566406 0.09375
-4.07031 8.15625 0.0566406 0.09375
-4.07031 8.25 0.0566406 0.09375
-4.07031 8.34375 0.0566406 0.09375
-4.07031 8.4375 0.0566406 0.09375
-4.07031 8.53125 0.0566406 0.09375
-4.07031 8.625 0.0566406 0.09375
-4.07031 8.71875 0.0566406 0.09375
-4.07031 8.8125 0.0566406 0.09375
-4.07031 8.90625 0.0566406 0.09375
-0.105469 11.0625 0.0566406 0.09375
-0.105469 11.1562 0.0566406 0.09375
-0.105469 11.25 0.0566406 0.09375
-0.105469 11.3438 0.0566406 0.09375
-0.105469 11.4375 0.0566406 0.09375
-0.105469 11.5312 0.0566406 0.09375
-0.105469 11.625 0.0566406 0.09375
-0.105469 11.7188 0.0566406 0.09375
-0.105469 11.8125 0.0566406 0.09375
-0.105469 11.9062 0.0566406 0.09375
5.04883 11.0625 0.0566406 0.09375
5.04883 11.1562 0.0566406 0.09375
5.04883 11.25 0.0566406 0.09375
5.04883 11.3438 0.0566406 0.09375
5.04883 11.4375 0.0566406 0.09375
5.04883 11.5312 0.0566406 0.09375
5.04883 11.625 0.0566406 0.09375
5.04883 11.7188 0.0566406 0.09375
5.04883 11.8125 0.0566406 0.09375
5.04883 11.9062 0.0566406 0.09375
9.01367 8.0625 0.0566406 0.09375
9.01367 8.15625 0.0566406 0.09375
9.01367 8.25 0.0566406 0.09375
9.01367 8.34375 0.0566406 0.09375
9.01367 8.4375 0.0566406 0.09375
9.01367 8.53125 0.0566406 0.09375
9.01367 8.625 0.0566406 0.09375
9.01367 8.71875 0.0566406 0.09375
9.01367 8.8125 0.0566406 0.09375
9.01367 8.90625 0.0566406 0.09375
12.9219 0 0.0566406 0.09375
12.9219 0.09375 0.0566406 0.09375
12.9219 0.1875 0.0566406 0.09375
12.9219 0.28125 0.0566406 0.09375
12.9219 0.375 0.0566406 0.09375
12.9219 0.46875 0.0566406 0.09375
12.9219 0.5625 0.0566406 0.09375
12.9219 0.65625 0.0566406 0.09375
12.9219 0.75 0.0566406 0.09375
12.9219 0.84375 0.0566406 0.09375
12.9219 0.9375 0.0566406 0.09375
11.0527 5.90625 0.0566406 0.09375
11.9023 3.9375 0.0566406 0.09375
11.9023 4.03125 0.0566406 0.09375
11.9023 4.125 0.0566406 0.09375
11.9023 4.21875 0.0566406 0.09375
11.9023 4.3125 0.0566406 0.09375
11.9023 4.40625 0.0566406 0.09375
11.9023 4.5 0.0566406 0.09375
11.9023 4.59375 0.0566406 0.09375
11.9023 4.6875 0.0566406 0.09375
11.9023 4.78125 0.0566406 0.09375
11.9023 4.875 0.0566406 0.09375
11.9023 4.96875 0.0566406 0.09375
10.0332 7.03125 0.0566406 0.09375
10.0332 7.125 0.0566406 0.09375
10.0332 7.21875 0.0566406 0.09375
10.0332 7.3125 0.0566406 0.09375
10.0332 7.40625 0.0566406 0.09375
11.0527 6 0.0566406 0.09375
11.0527 6.09375 0.0566406 0.09375
11.0527 6.1875 0.0566406 0.09375
11.0527 6.28125 0.0566406 0.09375
11.0527 6.375 0.0566406 0.09375
11.0527 6.46875 0.0566406 0.09375
11.0527 6.5625 0.0566406 0.09375
11.0527 6.65625 0.0566406 0.09375
11.0527 6.75 0.0566406 0.09375
11.0527 6.84375 0.0566406 0.09375
11.0527 6.9375 0.0566406 0.09375
10.0332 7.5 0.0566406 0.09375
10.0332 7.59375 0.0566406 0.09375
10.0332 7.6875 0.0566406 0.09375
10.0332 7.78125 0.0566406 0.09375
10.0332 7.875 0.0566406 0.09375
10.0332 7.96875 0.0566406 0.09375
