-8.03516 0 0.0566406 0.046875
-8.03516 0.046875 0.0566406 0.046875
-8.03516 0.09375 0.0566406 0.046875
-8.03516 0.140625 0.0566406 0.046875
-8.03516 0.1875 0.0566406 0.046875
-8.03516 0.234375 0.0566406 0.046875
-8.03516 0.28125 0.0566406 0.046875
-8.03516 0.328125 0.0566406 0.046875
-8.03516 0.375 0.0566406 0.046875
-8.03516 0.421875 0.0566406 0.046875
-8.03516 0.46875 0.0566406 0.046875
-8.03516 0.515625 0.0566406 0.046875
-8.03516 0.5625 0.0566406 0.046875
-8.03516 0.609375 0.0566406 0.046875
-8.03516 0.65625 0.0566406 0.046875
-8.03516 0.703125 0.0566406 0.046875
-8.03516 0.75 0.0566406 0.046875
-8.03516 0.796875 0.0566406 0.046875
-8.03516 0.84375 0.0566406 0.046875
-8.03516 0.890625 0.0566406 0.046875
-8.03516 0.9375 0.0566406 0.046875
-8.03516 0.984375 0.0566406 0.046875
-7.01562 3.9375 0.0566406 0.046875
-7.01562 3.98438 0.0566406 0.046875
-7.01562 4.03125 0.0566406 0.046875
-7.01562 4.07812 0.0566406 0.046875
-7.01562 4.125 0.0566406 0.046875
-7.01562 4.17188 0.0566406 0.046875
-7.01562 4.21875 0.0566406 0.046875
-7.01562 4.26562 0.0566406 0.046875
-7.01562 4.3125 0.0566406 0.046875
-7.01562 4.35938 0.0566406 0.046875
-7.01562 4.40625 0.0566406 0.046875
-7.01562 4.45312 0.0566406 0.046875
-7.01562 4.5 0.0566406 0.046875
-7.01562 4.54688 0.0566406 0.046875
-7.01562 4.59375 0.0566406 0.046875
-7.01562 4.64062 0.0566406 0.046875
-7.01562 4.6875 0.0566406 0.046875
-7.01562 4.73438 0.0566406 0.046875
-7.01562 4.78125 0.0566406 0.046875
-7.01562 4.82812 0.0566406 0.046875
-7.01562 4.875 0.0566406 0.046875
-7.01562 4.92188 0.0566406 0.046875
-7.01562 4.96875 0.0566406 0.046875
-7.01562 5.01562 0.0566406 0.046875
-6.05273 5.90625 0.0566406 0.046875
-6.05273 5.95312 0.0566406 0.046875
-6.05273 6 0.0566406 0.046875
-6.05273 6.04688 0.0566406 0.046875
-6.05273 6.09375 0.0566406 0.046875
-6.05273 6.14062 0.0566406 0.046875
-6.05273 6.1875 0.0566406 0.046875
-6.05273 6.23438 0.0566406 0.046875
-6.05273 6.28125 0.0566406 0.046875
-6.05273 6.32812 0.0566406 0.046875
-6.05273 6.375 0.0566406 0.046875
-6.05273 6.42188 0.0566406 0.046875
-6.05273 6.46875 0.0566406 0.046875
-6.05273 6.51562 0.0566406 0.046875
-6.05273 6.5625 0.0566406 0.046875
-6.05273 6.60938 0.0566406 0.046875
-6.05273 6.65625 0.0566406 0.046875
-6.05273 6.70312 0.0566406 0.046875
-6.05273 6.75 0.0566406 0.046875
-6.05273 6.79688 0.0566406 0.046875
-6.05273 6.84375 0.0566406 0.046875
-6.05273 6.89062 0.0566406 0.046875
-6.05273 6.9375 0.0566406 0.046875
-6.05273 6.98438 0.0566406 0.046875
-5.99609 6.9375 0.0566406 0.046875
-5.99609 6.98438 0.0566406 0.046875
-5.93945 6.9375 0.0566406 0.046875
-5.93945 6.98438 0.0566406 0.046875
-5.88281 6.9375 0.0566406 0.046875
-5.88281 6.98438 0.0566406 0.046875
-5.82617 6.9375 0.0566406 0.046875
-5.82617 6.98438 0.0566406 0.046875
-5.76953 6.9375 0.0566406 0.046875
-5.76953 6.98438 0.0566406 0.046875
-5.71289 6.9375 0.0566406 0.046875
-5.71289 6.98438 0.0566406 0.046875
-5.65625 6.9375 0.0566406 0.046875
-5.65625 6.98438 0.0566406 0.046875
-5.59961 6.9375 0.0566406 0.046875
-5.59961 6.98438 0.0566406 0.046875
-5.54297 6.9375 0.0566406 0.046875
-5.54297 6.98438 0.0566406 0.046875
-5.48633 6.9375 0.0566406 0.046875
-5.48633 6.98438 0.0566406 0.046875
-5.42969 6.9375 0.0566406 0.046875
-5.42969 6.98438 0.0566406 0.046875
-5.37305 6.9375 0.0566406 0.046875
-5.37305 6.98438 0.0566406 0.046875
-5.31641 6.9375 0.0566406 0.046875
-5.31641 6.98438 0.0566406 0.046875
-5.25977 6.9375 0.0566406 0.046875
-5.25977 6.98438 0.0566406 0.046875
-5.20312 6.9375 0.0566406 0.046875
-5.20312 6.98438 0.0566406 0.046875
-5.14648 6.9375 0.0566406 0.046875
-5.14648 6.98438 0.0566406 0.046875
-5.08984 6.9375 0.0566406 0.046875
-5.08984 6.98438 0.0566406 0.046875
-5.0332 6.9375 0.0566406 0.046875
-5.0332 6.98438 0.0566406 0.046875
-5.0332 7.03125 0.0566406 0.046875
-5.0332 7.07812 0.0566406 0.046875
-4.97656 6.9375 0.0566406 0.046875
-4.97656 6.98438 0.0566406 0.046875
-4.91992 6.9375 0.0566406 0.046875
-4.91992 6.98438 0.0566406 0.046875
-4.86328 6.9375 0.0566406 0.046875
-4.86328 6.98438 0.0566406 0.046875
-4.80664 6.9375 0.0566406 0.046875
-4.80664 6.98438 0.0566406 0.046875
-5.0332 7.125 0.0566406 0.046875
-5.0332 7.17188 0.0566406 0.046875
-5.0332 7.21875 0.0566406 0.046875
-5.0332 7.26562 0.0566406 0.046875
-5.0332 7.3125 0.0566406 0.046875
-5.0332 7.35938 0.0566406 0.046875
-5.0332 7.40625 0.0566406 0.046875
-5.0332 7.45312 0.0566406 0.046875
-5.0332 7.5 0.0566406 0.046875
-5.0332 7.54688 0.0566406 0.046875
-5.0332 7.59375 0.0566406 0.046875
-5.0332 7.64062 0.0566406 0.046875
-5.0332 7.6875 0.0566406 0.046875
-5.0332 7.73438 0.0566406 0.046875
-5.0332 7.78125 0.0566406 0.046875
-5.0332 7.82812 0.0566406 0.046875
-5.0332 7.875 0.0566406 0.046875
-5.0332 7.92188 0.0566406 0.046875
-5.0332 7.96875 0.0566406 0.046875
-5.0332 8.01562 0.0566406 0.046875
-4.97656 7.96875 0.0566406 0.046875
-4.97656 8.01562 0.0566406 0.046875
-4.91992 7.96875 0.0566406 0.046875
-4.91992 8.01562 0.0566406 0.046875
-4.86328 7.96875 0.0566406 0.046875
-4.86328 8.01562 0.0566406 0.046875
-4.80664 7.96875 0.0566406 0.046875
-4.80664 8.01562 0.0566406 0.046875
-4.75 6.9375 0.0566406 0.046875
-4.75 6.98438 0.0566406 0.046875
-4.69336 6.9375 0.0566406 0.046875
-4.69336 6.98438 0.0566406 0.046875
-4.63672 6.9375 0.0566406 0.046875
-4.63672 6.98438 0.0566406 0.046875
-4.58008 6.9375 0.0566406 0.046875
-4.58008 6.98438 0.0566406 0.046875
-4.52344 6.9375 0.0566406 0.046875
-4.52344 6.98438 0.0566406 0.046875
-4.4668 6.9375 0.0566406 0.046875
-4.4668 6.98438 0.0566406 0.046875
-4.41016 6.9375 0.0566406 0.046875
-4.41016 6.98438 0.0566406 0.046875
-4.35352 6.9375 0.0566406 0.046875
-4.35352 6.98438 0.0566406 0.046875
-4.29688 6.9375 0.0566406 0.046875
-4.29688 6.98438 0.0566406 0.046875
-4.24023 6.9375 0.0566406 0.046875
-4.24023 6.98438 0.0566406 0.046875
-4.18359 6.9375 0.0566406 0.046875
-4.18359 6.98438 0.0566406 0.046875
-4.12695 6.9375 0.0566406 0.046875
-4.12695 6.98438 0.0566406 0.046875
-4.07031 6.9375 0.0566406 0.046875
-4.07031 6.98438 0.0566406 0.046875
-4.01367 6.9375 0.0566406 0.046875
-4.01367 6.98438 0.0566406 0.046875
-4.01367 7.03125 0.0566406 0.046875
-4.01367 7.07812 0.0566406 0.046875
-4.01367 7.125 0.0566406 0.046875
-4.01367 7.17188 0.0566406 0.046875
-4.01367 7.21875 0.0566406 0.046875
-4.01367 7.26562 0.0566406 0.046875
-4.01367 7.3125 0.0566406 0.046875
-4.01367 7.35938 0.0566406 0.046875
-4.01367 7.40625 0.0566406 0.046875
-4.01367 7.45312 0.0566406 0.046875
-4.75 7.96875 0.0566406 0.046875
-4.75 8.01562 0.0566406 0.046875
-4.69336 7.96875 0.0566406 0.046875
-4.69336 8.01562 0.0566406 0.046875
-4.63672 7.96875 0.0566406 0.046875
-4.63672 8.01562 0.0566406 0.046875
-4.58008 7.96875 0.0566406 0.046875
-4.58008 8.01562 0.0566406 0.046875
-4.52344 7.96875 0.0566406 0.046875
-4.52344 8.01562 0.0566406 0.046875
-4.4668 7.96875 0.0566406 0.046875
-4.4668 8.01562 0.0566406 0.046875
-4.41016 7.96875 0.0566406 0.046875
-4.41016 8.01562 0.0566406 0.046875
-4.35352 7.96875 0.0566406 0.046875
-4.35352 8.01562 0.0566406 0.046875
-4.01367 7.5 0.0566406 0.046875
-4.01367 7.54688 0.0566406 0.046875
-4.01367 7.59375 0.0566406 0.046875
-4.01367 7.64062 0.0566406 0.046875
-4.01367 7.6875 0.0566406 0.046875
-4.01367 7.73438 0.0566406 0.046875
-4.01367 7.78125 0.0566406 0.046875
-4.01367 7.82812 0.0566406 0.046875
-4.29688 7.96875 0.0566406 0.046875
-4.29688 8.01562 0.0566406 0.046875
-4.24023 7.96875 0.0566406 0.046875
-4.24023 8.01562 0.0566406 0.046875
-4.18359 7.96875 0.0566406 0.046875
-4.18359 8.01562 0.0566406 0.046875
-4.12695 7.96875 0.0566406 0.046875
-4.12695 8.01562 0.0566406 0.046875
-4.01367 7.875 0.0566406 0.046875
-4.01367 7.92188 0.0566406 0.046875
-4.07031 7.96875 0.0566406 0.046875
-4.07031 8.01562 0.0566406 0.046875
-4.01367 7.96875 0.0566406 0.046875
-4.01367 8.01562 0.0566406 0.046875
-3.95703 7.96875 0.0566406 0.046875
-3.95703 8.01562 0.0566406 0.046875
-3.90039 7.96875 0.0566406 0.046875
-3.90039 8.01562 0.0566406 0.046875
-4.01367 8.0625 0.0566406 0.046875
-4.01367 8.10938 0.0566406 0.046875
-4.01367 8.15625 0.0566406 0.046875
-4.01367 8.20312 0.0566406 0.046875
-4.01367 8.25 0.0566406 0.046875
-4.01367 8.29688 0.0566406 0.046875
-4.01367 8.34375 0.0566406 0.046875
-4.01367 8.39062 0.0566406 0.046875
-4.01367 8.4375 0.0566406 0.046875
-4.01367 8.48438 0.0566406 0.046875
-4.01367 8.53125 0.0566406 0.046875
-4.01367 8.57812 0.0566406 0.046875
-4.01367 8.625 0.0566406 0.046875
-4.01367 8.67188 0.0566406 0.046875
-4.01367 8.71875 0.0566406 0.046875
-4.01367 8.76562 0.0566406 0.046875
-4.01367 8.8125 0.0566406 0.046875
-4.01367 8.85938 0.0566406 0.046875
-4.01367 8.90625 0.0566406 0.046875
-4.01367 8.95312 0.0566406 0.046875
-3.95703 8.90625 0.0566406 0.046875
-3.95703 8.95312 0.0566406 0.046875
-3.90039 8.90625 0.0566406 0.046875
-3.90039 8.95312 0.0566406 0.046875
-3.84375 7.96875 0.0566406 0.046875
-3.84375 8.01562 0.0566406 0.046875
-3.78711 7.96875 0.0566406 0.046875
-3.78711 8.01562 0.0566406 0.046875
-3.73047 7.96875 0.0566406 0.046875
-3.73047 8.01562 0.0566406 0.046875
-3.67383 7.96875 0.0566406 0.046875
-3.67383 8.01562 0.0566406 0.046875
-3.61719 7.96875 0.0566406 0.046875
-3.61719 8.01562 0.0566406 0.046875
-3.56055 7.96875 0.0566406 0.046875
-3.56055 8.01562 0.0566406 0.046875
-3.50391 7.96875 0.0566406 0.046875
-3.50391 8.01562 0.0566406 0.046875
-3.44727 7.96875 0.0566406 0.046875
-3.44727 8.01562 0.0566406 0.046875
-3.39062 7.96875 0.0566406 0.046875
-3.39062 8.01562 0.0566406 0.046875
-3.33398 7.96875 0.0566406 0.046875
-3.33398 8.01562 0.0566406 0.046875
-3.27734 7.96875 0.0566406 0.046875
-3.27734 8.01562 0.0566406 0.046875
-3.2207 7.96875 0.0566406 0.046875
-3.2207 8.01562 0.0566406 0.046875
-3.16406 7.96875 0.0566406 0.046875
-3.16406 8.01562 0.0566406 0.046875
-3.10742 7.96875 0.0566406 0.046875
-3.10742 8.01562 0.0566406 0.046875
-3.05078 7.96875 0.0566406 0.046875
-3.05078 8.01562 0.0566406 0.046875
-2.99414 7.96875 0.0566406 0.046875
-2.99414 8.01562 0.0566406 0.046875
-3.84375 8.90625 0.0566406 0.046875
-3.84375 8.95312 0.0566406 0.046875
-3.78711 8.90625 0.0566406 0.046875
-3.78711 8.95312 0.0566406 0.046875
-3.73047 8.90625 0.0566406 0.046875
-3.73047 8.95312 0.0566406 0.046875
-3.67383 8.90625 0.0566406 0.046875
-3.67383 8.95312 0.0566406 0.046875
-3.61719 8.90625 0.0566406 0.046875
-3.61719 8.95312 0.0566406 0.046875
-3.56055 8.90625 0.0566406 0.046875
-3.56055 8.95312 0.0566406 0.046875
-3.50391 8.90625 0.0566406 0.046875
-3.50391 8.95312 0.0566406 0.046875
-3.44727 8.90625 0.0566406 0.046875
-3.44727 8.95312 0.0566406 0.046875
-3.39062 8.90625 0.0566406 0.046875
-3.39062 8.95312 0.0566406 0.046875
-3.33398 8.90625 0.0566406 0.046875
-3.33398 8.95312 0.0566406 0.046875
-3.27734 8.90625 0.0566406 0.046875
-3.27734 8.95312 0.0566406 0.046875
-3.2207 8.90625 0.0566406 0.046875
-3.2207 8.95312 0.0566406 0.046875
-3.16406 8.90625 0.0566406 0.046875
-3.16406 8.95312 0.0566406 0.046875
-3.10742 8.90625 0.0566406 0.046875
-3.10742 8.95312 0.0566406 0.046875
-3.05078 8.90625 0.0566406 0.046875
-3.05078 8.95312 0.0566406 0.046875
-2.9375 7.96875 0.0566406 0.046875
-2.9375 8.01562 0.0566406 0.046875
-2.88086 7.96875 0.0566406 0.046875
-2.88086 8.01562 0.0566406 0.046875
-2.82422 7.96875 0.0566406 0.046875
-2.82422 8.01562 0.0566406 0.046875
-2.76758 7.96875 0.0566406 0.046875
-2.76758 8.01562 0.0566406 0.046875
-2.71094 7.96875 0.0566406 0.046875
-2.71094 8.01562 0.0566406 0.046875
-2.6543 7.96875 0.0566406 0.046875
-2.6543 8.01562 0.0566406 0.046875
-2.59766 7.96875 0.0566406 0.046875
-2.59766 8.01562 0.0566406 0.046875
-2.54102 7.96875 0.0566406 0.046875
-2.54102 8.01562 0.0566406 0.046875
-2.48438 7.96875 0.0566406 0.046875
-2.48438 8.01562 0.0566406 0.046875
-2.42773 7.96875 0.0566406 0.046875
-2.42773 8.01562 0.0566406 0.046875
-2.37109 7.96875 0.0566406 0.046875
-2.37109 8.01562 0.0566406 0.046875
-2.31445 7.96875 0.0566406 0.046875
-2.31445 8.01562 0.0566406 0.046875
-2.25781 7.96875 0.0566406 0.046875
-2.25781 8.01562 0.0566406 0.046875
-2.20117 7.96875 0.0566406 0.046875
-2.20117 8.01562 0.0566406 0.046875
-2.14453 7.96875 0.0566406 0.046875
-2.14453 8.01562 0.0566406 0.046875
-2.08789 7.96875 0.0566406 0.046875
-2.08789 8.01562 0.0566406 0.046875
-2.03125 7.96875 0.0566406 0.046875
-2.03125 8.01562 0.0566406 0.046875
-1.97461 7.96875 0.0566406 0.046875
-1.97461 8.01562 0.0566406 0.046875
-1.91797 7.96875 0.0566406 0.046875
-1.91797 8.01562 0.0566406 0.046875
-1.86133 7.96875 0.0566406 0.046875
-1.86133 8.01562 0.0566406 0.046875
-1.80469 7.96875 0.0566406 0.046875
-1.80469 8.01562 0.0566406 0.046875
-1.74805 7.96875 0.0566406 0.046875
-1.74805 8.01562 0.0566406 0.046875
-1.69141 7.96875 0.0566406 0.046875
-1.69141 8.01562 0.0566406 0.046875
-1.63477 7.96875 0.0566406 0.046875
-1.63477 8.01562 0.0566406 0.046875
-1.57812 7.96875 0.0566406 0.046875
-1.57812 8.01562 0.0566406 0.046875
-1.52148 7.96875 0.0566406 0.046875
-1.52148 8.01562 0.0566406 0.046875
-1.46484 7.96875 0.0566406 0.046875
-1.46484 8.01562 0.0566406 0.046875
-1.4082 7.96875 0.0566406 0.046875
-1.4082 8.01562 0.0566406 0.046875
-1.35156 7.96875 0.0566406 0.046875
-1.35156 8.01562 0.0566406 0.046875
-1.29492 7.96875 0.0566406 0.046875
-1.29492 8.01562 0.0566406 0.046875
-1.23828 7.96875 0.0566406 0.046875
-1.23828 8.01562 0.0566406 0.046875
-1.18164 7.96875 0.0566406 0.046875
-1.18164 8.01562 0.0566406 0.046875
-3.05078 9 0.0566406 0.046875
-3.05078 9.04688 0.0566406 0.046875
-3.05078 9.09375 0.0566406 0.046875
-3.05078 9.14062 0.0566406 0.046875
-3.05078 9.1875 0.0566406 0.046875
-3.05078 9.23438 0.0566406 0.046875
-3.05078 9.28125 0.0566406 0.046875
-3.05078 9.32812 0.0566406 0.046875
-3.05078 9.375 0.0566406 0.046875
-3.05078 9.42188 0.0566406 0.046875
-3.05078 9.46875 0.0566406 0.046875
-3.05078 9.51562 0.0566406 0.046875
-3.05078 9.5625 0.0566406 0.046875
-3.05078 9.60938 0.0566406 0.046875
-3.05078 9.65625 0.0566406 0.046875
-3.05078 9.70312 0.0566406 0.046875
-3.05078 9.75 0.0566406 0.046875
-3.05078 9.79688 0.0566406 0.046875
-3.05078 9.84375 0.0566406 0.046875
-3.05078 9.89062 0.0566406 0.046875
-3.05078 9.9375 0.0566406 0.046875
-3.05078 9.98438 0.0566406 0.046875
-2.99414 9.9375 0.0566406 0.046875
-2.99414 9.98438 0.0566406 0.046875
-2.9375 9.9375 0.0566406 0.046875
-2.9375 9.98438 0.0566406 0.046875
-2.88086 9.9375 0.0566406 0.046875
-2.88086 9.98438 0.0566406 0.046875
-2.82422 9.9375 0.0566406 0.046875
-2.82422 9.98438 0.0566406 0.046875
-2.76758 9.9375 0.0566406 0.046875
-2.76758 9.98438 0.0566406 0.046875
-2.71094 9.9375 0.0566406 0.046875
-2.71094 9.98438 0.0566406 0.046875
-2.6543 9.9375 0.0566406 0.046875
-2.6543 9.98438 0.0566406 0.046875
-2.59766 9.9375 0.0566406 0.046875
-2.59766 9.98438 0.0566406 0.046875
-2.54102 9.9375 0.0566406 0.046875
-2.54102 9.98438 0.0566406 0.046875
-2.48438 9.9375 0.0566406 0.046875
-2.48438 9.98438 0.0566406 0.046875
-2.42773 9.9375 0.0566406 0.046875
-2.42773 9.98438 0.0566406 0.046875
-2.37109 9.9375 0.0566406 0.046875
-2.37109 9.98438 0.0566406 0.046875
-2.31445 9.9375 0.0566406 0.046875
-2.31445 9.98438 0.0566406 0.046875
-2.25781 9.9375 0.0566406 0.046875
-2.25781 9.98438 0.0566406 0.046875
-2.20117 9.9375 0.0566406 0.046875
-2.20117 9.98438 0.0566406 0.046875
-2.14453 9.9375 0.0566406 0.046875
-2.14453 9.98438 0.0566406 0.046875
-2.08789 9.9375 0.0566406 0.046875
-2.08789 9.98438 0.0566406 0.046875
-2.03125 9.9375 0.0566406 0.046875
-2.03125 9.98438 0.0566406 0.046875
-2.03125 10.0312 0.0566406 0.046875
-2.03125 10.0781 0.0566406 0.046875
-2.03125 10.125 0.0566406 0.046875
-2.03125 10.1719 0.0566406 0.046875
-2.03125 10.2188 0.0566406 0.046875
-2.03125 10.2656 0.0566406 0.046875
-2.03125 10.3125 0.0566406 0.046875
-2.03125 10.3594 0.0566406 0.046875
-2.03125 10.4062 0.0566406 0.046875
-2.03125 10.4531 0.0566406 0.046875
-2.03125 10.5 0.0566406 0.046875
-2.03125 10.5469 0.0566406 0.046875
-2.03125 10.5938 0.0566406 0.046875
-2.03125 10.6406 0.0566406 0.046875
-2.03125 10.6875 0.0566406 0.046875
-2.03125 10.7344 0.0566406 0.046875
-2.03125 10.7812 0.0566406 0.046875
-2.03125 10.8281 0.0566406 0.046875
-2.03125 10.875 0.0566406 0.046875
-2.03125 10.9219 0.0566406 0.046875
-2.03125 10.9688 0.0566406 0.046875
-2.03125 11.0156 0.0566406 0.046875
-1.97461 10.9688 0.0566406 0.046875
-1.97461 11.0156 0.0566406 0.046875
-1.91797 10.9688 0.0566406 0.046875
-1.91797 11.0156 0.0566406 0.046875
-1.86133 10.9688 0.0566406 0.046875
-1.86133 11.0156 0.0566406 0.046875
-1.80469 10.9688 0.0566406 0.046875
-1.80469 11.0156 0.0566406 0.046875
-1.74805 10.9688 0.0566406 0.046875
-1.74805 11.0156 0.0566406 0.046875
-1.69141 10.9688 0.0566406 0.046875
-1.69141 11.0156 0.0566406 0.046875
-1.63477 10.9688 0.0566406 0.046875
-1.63477 11.0156 0.0566406 0.046875
-1.57812 10.9688 0.0566406 0.046875
-1.57812 11.0156 0.0566406 0.046875
-1.52148 10.9688 0.0566406 0.046875
-1.52148 11.0156 0.0566406 0.046875
-1.46484 10.9688 0.0566406 0.046875
-1.46484 11.0156 0.0566406 0.046875
-1.4082 10.9688 0.0566406 0.046875
-1.4082 11.0156 0.0566406 0.046875
-1.35156 10.9688 0.0566406 0.046875
-1.35156 11.0156 0.0566406 0.046875
-1.29492 10.9688 0.0566406 0.046875
-1.29492 11.0156 0.0566406 0.046875
-1.23828 10.9688 0.0566406 0.046875
-1.23828 11.0156 0.0566406 0.046875
-1.18164 10.9688 0.0566406 0.046875
-1.18164 11.0156 0.0566406 0.046875
-1.125 7.96875 0.0566406 0.046875
-1.125 8.01562 0.0566406 0.046875
-1.06836 7.96875 0.0566406 0.046875
-1.06836 8.01562 0.0566406 0.046875
-1.01172 7.96875 0.0566406 0.046875
-1.01172 8.01562 0.0566406 0.046875
-0.955078 7.96875 0.0566406 0.046875
-0.955078 8.01562 0.0566406 0.046875
-0.898438 7.96875 0.0566406 0.046875
-0.898438 8.01562 0.0566406 0.046875
-0.841797 7.96875 0.0566406 0.046875
-0.841797 8.01562 0.0566406 0.046875
-0.785156 7.96875 0.0566406 0.046875
-0.785156 8.01562 0.0566406 0.046875
-0.728516 7.96875 0.0566406 0.046875
-0.728516 8.01562 0.0566406 0.046875
-0.671875 7.96875 0.0566406 0.046875
-0.671875 8.01562 0.0566406 0.046875
-0.615234 7.96875 0.0566406 0.046875
-0.615234 8.01562 0.0566406 0.046875
-0.558594 7.96875 0.0566406 0.046875
-0.558594 8.01562 0.0566406 0.046875
-0.501953 7.96875 0.0566406 0.046875
-0.501953 8.01562 0.0566406 0.046875
-0.445312 7.96875 0.0566406 0.046875
-0.445312 8.01562 0.0566406 0.046875
-0.388672 7.96875 0.0566406 0.046875
-0.388672 8.01562 0.0566406 0.046875
-0.332031 7.96875 0.0566406 0.046875
-0.332031 8.01562 0.0566406 0.046875
-0.275391 7.96875 0.0566406 0.046875
-0.275391 8.01562 0.0566406 0.046875
-0.21875 7.96875 0.0566406 0.046875
-0.21875 8.01562 0.0566406 0.046875
-0.162109 7.96875 0.0566406 0.046875
-0.162109 8.01562 0.0566406 0.046875
-0.105469 7.96875 0.0566406 0.046875
-0.105469 8.01562 0.0566406 0.046875
-0.0488281 7.96875 0.0566406 0.046875
-0.0488281 8.01562 0.0566406 0.046875
0.0078125 7.96875 0.0566406 0.046875
0.0078125 8.01562 0.0566406 0.046875
0.0644531 7.96875 0.0566406 0.046875
0.0644531 8.01562 0.0566406 0.046875
0.121094 7.96875 0.0566406 0.046875
0.121094 8.01562 0.0566406 0.046875
0.177734 7.96875 0.0566406 0.046875
0.177734 8.01562 0.0566406 0.046875
0.234375 7.96875 0.0566406 0.046875
0.234375 8.01562 0.0566406 0.046875
0.291016 7.96875 0.0566406 0.046875
0.291016 8.01562 0.0566406 0.046875
0.347656 7.96875 0.0566406 0.046875
0.347656 8.01562 0.0566406 0.046875
0.404297 7.96875 0.0566406 0.046875
0.404297 8.01562 0.0566406 0.046875
0.460938 7.96875 0.0566406 0.046875
0.460938 8.01562 0.0566406 0.046875
0.517578 7.96875 0.0566406 0.046875
0.517578 8.01562 0.0566406 0.046875
0.574219 7.96875 0.0566406 0.046875
0.574219 8.01562 0.0566406 0.046875
0.630859 7.96875 0.0566406 0.046875
0.630859 8.01562 0.0566406 0.046875
0.6875 7.96875 0.0566406 0.046875
0.6875 8.01562 0.0566406 0.046875
0.744141 7.96875 0.0566406 0.046875
0.744141 8.01562 0.0566406 0.046875
0.800781 7.96875 0.0566406 0.046875
0.800781 8.01562 0.0566406 0.046875
0.857422 7.96875 0.0566406 0.046875
0.857422 8.01562 0.0566406 0.046875
0.914062 7.96875 0.0566406 0.046875
0.914062 8.01562 0.0566406 0.046875
0.970703 7.96875 0.0566406 0.046875
0.970703 8.01562 0.0566406 0.046875
1.02734 7.96875 0.0566406 0.046875
1.02734 8.01562 0.0566406 0.046875
1.08398 7.96875 0.0566406 0.046875
1.08398 8.01562 0.0566406 0.046875
1.14062 7.96875 0.0566406 0.046875
1.14062 8.01562 0.0566406 0.046875
1.19727 7.96875 0.0566406 0.046875
1.19727 8.01562 0.0566406 0.046875
1.25391 7.96875 0.0566406 0.046875
1.25391 8.01562 0.0566406 0.046875
1.31055 7.96875 0.0566406 0.046875
1.31055 8.01562 0.0566406 0.046875
1.36719 7.96875 0.0566406 0.046875
1.36719 8.01562 0.0566406 0.046875
1.42383 7.96875 0.0566406 0.046875
1.42383 8.01562 0.0566406 0.046875
1.48047 7.96875 0.0566406 0.046875
1.48047 8.01562 0.0566406 0.046875
1.53711 7.96875 0.0566406 0.046875
1.53711 8.01562 0.0566406 0.046875
1.59375 7.96875 0.0566406 0.046875
1.59375 8.01562 0.0566406 0.046875
1.65039 7.96875 0.0566406 0.046875
1.65039 8.01562 0.0566406 0.046875
1.70703 7.96875 0.0566406 0.046875
1.70703 8.01562 0.0566406 0.046875
1.76367 7.96875 0.0566406 0.046875
1.76367 8.01562 0.0566406 0.046875
1.82031 7.96875 0.0566406 0.046875
1.82031 8.01562 0.0566406 0.046875
1.87695 7.96875 0.0566406 0.046875
1.87695 8.01562 0.0566406 0.046875
1.93359 7.96875 0.0566406 0.046875
1.93359 8.01562 0.0566406 0.046875
1.99023 7.96875 0.0566406 0.046875
1.99023 8.01562 0.0566406 0.046875
2.04688 7.96875 0.0566406 0.046875
2.04688 8.01562 0.0566406 0.046875
2.10352 7.96875 0.0566406 0.046875
2.10352 8.01562 0.0566406 0.046875
2.16016 7.96875 0.0566406 0.046875
2.16016 8.01562 0.0566406 0.046875
2.2168 7.96875 0.0566406 0.046875
2.2168 8.01562 0.0566406 0.046875
2.27344 7.96875 0.0566406 0.046875
2.27344 8.01562 0.0566406 0.046875
2.33008 7.96875 0.0566406 0.046875
2.33008 8.01562 0.0566406 0.046875
2.38672 7.96875 0.0566406 0.046875
2.38672 8.01562 0.0566406 0.046875
2.44336 7.96875 0.0566406 0.046875
2.44336 8.01562 0.0566406 0.046875
-1.125 10.9688 0.0566406 0.046875
-1.125 11.0156 0.0566406 0.046875
-1.06836 10.9688 0.0566406 0.046875
-1.06836 11.0156 0.0566406 0.046875
-1.01172 10.9688 0.0566406 0.046875
-1.01172 11.0156 0.0566406 0.046875
-0.955078 10.9688 0.0566406 0.046875
-0.955078 11.0156 0.0566406 0.046875
-0.898438 10.9688 0.0566406 0.046875
-0.898438 11.0156 0.0566406 0.046875
-0.841797 10.9688 0.0566406 0.046875
-0.841797 11.0156 0.0566406 0.046875
-0.785156 10.9688 0.0566406 0.046875
-0.785156 11.0156 0.0566406 0.046875
-0.728516 10.9688 0.0566406 0.046875
-0.728516 11.0156 0.0566406 0.046875
-0.671875 10.9688 0.0566406 0.046875
-0.671875 11.0156 0.0566406 0.046875
-0.615234 10.9688 0.0566406 0.046875
-0.615234 11.0156 0.0566406 0.046875
-0.558594 10.9688 0.0566406 0.046875
-0.558594 11.0156 0.0566406 0.046875
-0.501953 10.9688 0.0566406 0.046875
-0.501953 11.0156 0.0566406 0.046875
-0.445312 10.9688 0.0566406 0.046875
-0.445312 11.0156 0.0566406 0.046875
-0.388672 10.9688 0.0566406 0.046875
-0.388672 11.0156 0.0566406 0.046875
-0.332031 10.9688 0.0566406 0.046875
-0.332031 11.0156 0.0566406 0.046875
-0.275391 10.9688 0.0566406 0.046875
-0.275391 11.0156 0.0566406 0.046875
-0.21875 10.9688 0.0566406 0.046875
-0.21875 11.0156 0.0566406 0.046875
-0.162109 10.9688 0.0566406 0.046875
-0.162109 11.0156 0.0566406 0.046875
-0.105469 10.9688 0.0566406 0.046875
-0.105469 11.0156 0.0566406 0.046875
-0.0488281 10.9688 0.0566406 0.046875
-0.0488281 11.0156 0.0566406 0.046875
-0.0488281 11.0625 0.0566406 0.046875
-0.0488281 11.1094 0.0566406 0.046875
-0.0488281 11.1562 0.0566406 0.046875
-0.0488281 11.2031 0.0566406 0.046875
-0.0488281 11.25 0.0566406 0.046875
-0.0488281 11.2969 0.0566406 0.046875
-0.0488281 11.3438 0.0566406 0.046875
-0.0488281 11.3906 0.0566406 0.046875
-0.0488281 11.4375 0.0566406 0.046875
-0.0488281 11.4844 0.0566406 0.046875
-0.0488281 11.5312 0.0566406 0.046875
-0.0488281 11.5781 0.0566406 0.046875
-0.0488281 11.625 0.0566406 0.046875
-0.0488281 11.6719 0.0566406 0.046875
-0.0488281 11.7188 0.0566406 0.046875
-0.0488281 11.7656 0.0566406 0.046875
-0.0488281 11.8125 0.0566406 0.046875
-0.0488281 11.8594 0.0566406 0.046875
-0.0488281 11.9062 0.0566406 0.046875
-0.0488281 11.9531 0.0566406 0.046875
0.0078125 11.9062 0.0566406 0.046875
0.0078125 11.9531 0.0566406 0.046875
0.0644531 11.9062 0.0566406 0.046875
0.0644531 11.9531 0.0566406 0.046875
0.121094 11.9062 0.0566406 0.046875
0.121094 11.9531 0.0566406 0.046875
0.177734 11.9062 0.0566406 0.046875
0.177734 11.9531 0.0566406 0.046875
0.234375 11.9062 0.0566406 0.046875
0.234375 11.9531 0.0566406 0.046875
0.291016 11.9062 0.0566406 0.046875
0.291016 11.9531 0.0566406 0.046875
0.347656 11.9062 0.0566406 0.046875
0.347656 11.9531 0.0566406 0.046875
0.404297 11.9062 0.0566406 0.046875
0.404297 11.9531 0.0566406 0.046875
0.460938 11.9062 0.0566406 0.046875
0.460938 11.9531 0.0566406 0.046875
0.517578 11.9062 0.0566406 0.046875
0.517578 11.9531 0.0566406 0.046875
0.574219 11.9062 0.0566406 0.046875
0.574219 11.9531 0.0566406 0.046875
0.630859 11.9062 0.0566406 0.046875
0.630859 11.9531 0.0566406 0.046875
0.6875 11.9062 0.0566406 0.046875
0.6875 11.9531 0.0566406 0.046875
0.744141 11.9062 0.0566406 0.046875
0.744141 11.9531 0.0566406 0.046875
0.800781 11.9062 0.0566406 0.046875
0.800781 11.9531 0.0566406 0.046875
0.857422 11.9062 0.0566406 0.046875
0.857422 11.9531 0.0566406 0.046875
0.914062 11.9062 0.0566406 0.046875
0.914062 11.9531 0.0566406 0.046875
0.970703 11.9062 0.0566406 0.046875
0.970703 11.9531 0.0566406 0.046875
1.02734 11.9062 0.0566406 0.046875
1.02734 11.9531 0.0566406 0.046875
1.08398 11.9062 0.0566406 0.046875
1.08398 11.9531 0.0566406 0.046875
1.14062 11.9062 0.0566406 0.046875
1.14062 11.9531 0.0566406 0.046875
1.19727 11.9062 0.0566406 0.046875
1.19727 11.9531 0.0566406 0.046875
1.25391 11.9062 0.0566406 0.046875
1.25391 11.9531 0.0566406 0.046875
1.31055 11.9062 0.0566406 0.046875
1.31055 11.9531 0.0566406 0.046875
1.36719 11.9062 0.0566406 0.046875
1.36719 11.9531 0.0566406 0.046875
1.42383 11.9062 0.0566406 0.046875
1.42383 11.9531 0.0566406 0.046875
1.48047 11.9062 0.0566406 0.046875
1.48047 11.9531 0.0566406 0.046875
1.53711 11.9062 0.0566406 0.046875
1.53711 11.9531 0.0566406 0.046875
1.59375 11.9062 0.0566406 0.046875
1.59375 11.9531 0.0566406 0.046875
1.65039 11.9062 0.0566406 0.046875
1.65039 11.9531 0.0566406 0.046875
1.70703 11.9062 0.0566406 0.046875
1.70703 11.9531 0.0566406 0.046875
1.76367 11.9062 0.0566406 0.046875
1.76367 11.9531 0.0566406 0.046875
1.82031 11.9062 0.0566406 0.046875
1.82031 11.9531 0.0566406 0.046875
1.87695 11.9062 0.0566406 0.046875
1.87695 11.9531 0.0566406 0.046875
1.93359 11.9062 0.0566406 0.046875
1.93359 11.9531 0.0566406 0.046875
1.99023 11.9062 0.0566406 0.046875
1.99023 11.9531 0.0566406 0.046875
2.04688 11.9062 0.0566406 0.046875
2.04688 11.9531 0.0566406 0.046875
2.10352 11.9062 0.0566406 0.046875
2.10352 11.9531 0.0566406 0.046875
2.16016 11.9062 0.0566406 0.046875
2.16016 11.9531 0.0566406 0.046875
2.2168 11.9062 0.0566406 0.046875
2.2168 11.9531 0.0566406 0.046875
2.27344 11.9062 0.0566406 0.046875
2.27344 11.9531 0.0566406 0.046875
2.33008 11.9062 0.0566406 0.046875
2.33008 11.9531 0.0566406 0.046875
2.38672 11.9062 0.0566406 0.046875
2.38672 11.9531 0.0566406 0.046875
2.44336 11.9062 0.0566406 0.046875
2.44336 11.9531 0.0566406 0.046875
2.5 7.96875 0.0566406 0.046875
2.5 8.01562 0.0566406 0.046875
2.55664 7.96875 0.0566406 0.046875
2.55664 8.01562 0.0566406 0.046875
2.61328 7.96875 0.0566406 0.046875
2.61328 8.01562 0.0566406 0.046875
2.66992 7.96875 0.0566406 0.046875
2.66992 8.01562 0.0566406 0.046875
2.72656 7.96875 0.0566406 0.046875
2.72656 8.01562 0.0566406 0.046875
2.7832 7.96875 0.0566406 0.046875
2.7832 8.01562 0.0566406 0.046875
2.83984 7.96875 0.0566406 0.046875
2.83984 8.01562 0.0566406 0.046875
2.89648 7.96875 0.0566406 0.046875
2.89648 8.01562 0.0566406 0.046875
2.95312 7.96875 0.0566406 0.046875
2.95312 8.01562 0.0566406 0.046875
3.00977 7.96875 0.0566406 0.046875
3.00977 8.01562 0.0566406 0.046875
3.06641 7.96875 0.0566406 0.046875
3.06641 8.01562 0.0566406 0.046875
3.12305 7.96875 0.0566406 0.046875
3.12305 8.01562 0.0566406 0.046875
3.17969 7.96875 0.0566406 0.046875
3.17969 8.01562 0.0566406 0.046875
3.23633 7.96875 0.0566406 0.046875
3.23633 8.01562 0.0566406 0.046875
3.29297 7.96875 0.0566406 0.046875
3.29297 8.01562 0.0566406 0.046875
3.34961 7.96875 0.0566406 0.046875
3.34961 8.01562 0.0566406 0.046875
3.40625 7.96875 0.0566406 0.046875
3.40625 8.01562 0.0566406 0.046875
3.46289 7.96875 0.0566406 0.046875
3.46289 8.01562 0.0566406 0.046875
3.51953 7.96875 0.0566406 0.046875
3.51953 8.01562 0.0566406 0.046875
3.57617 7.96875 0.0566406 0.046875
3.57617 8.01562 0.0566406 0.046875
3.63281 7.96875 0.0566406 0.046875
3.63281 8.01562 0.0566406 0.046875
3.68945 7.96875 0.0566406 0.046875
3.68945 8.01562 0.0566406 0.046875
3.74609 7.96875 0.0566406 0.046875
3.74609 8.01562 0.0566406 0.046875
3.80273 7.96875 0.0566406 0.046875
3.80273 8.01562 0.0566406 0.046875
3.85938 7.96875 0.0566406 0.046875
3.85938 8.01562 0.0566406 0.046875
3.91602 7.96875 0.0566406 0.046875
3.91602 8.01562 0.0566406 0.046875
3.97266 7.96875 0.0566406 0.046875
3.97266 8.01562 0.0566406 0.046875
4.0293 7.96875 0.0566406 0.046875
4.0293 8.01562 0.0566406 0.046875
4.08594 7.96875 0.0566406 0.046875
4.08594 8.01562 0.0566406 0.046875
4.14258 7.96875 0.0566406 0.046875
4.14258 8.01562 0.0566406 0.046875
4.19922 7.96875 0.0566406 0.046875
4.19922 8.01562 0.0566406 0.046875
4.25586 7.96875 0.0566406 0.046875
4.25586 8.01562 0.0566406 0.046875
4.3125 7.96875 0.0566406 0.046875
4.3125 8.01562 0.0566406 0.046875
4.36914 7.96875 0.0566406 0.046875
4.36914 8.01562 0.0566406 0.046875
4.42578 7.96875 0.0566406 0.046875
4.42578 8.01562 0.0566406 0.046875
4.48242 7.96875 0.0566406 0.046875
4.48242 8.01562 0.0566406 0.046875
4.53906 7.96875 0.0566406 0.046875
4.53906 8.01562 0.0566406 0.046875
4.5957 7.96875 0.0566406 0.046875
4.5957 8.01562 0.0566406 0.046875
4.65234 7.96875 0.0566406 0.046875
4.65234 8.01562 0.0566406 0.046875
4.70898 7.96875 0.0566406 0.046875
4.70898 8.01562 0.0566406 0.046875
4.76562 7.96875 0.0566406 0.046875
4.76562 8.01562 0.0566406 0.046875
4.82227 7.96875 0.0566406 0.046875
4.82227 8.01562 0.0566406 0.046875
4.87891 7.96875 0.0566406 0.046875
4.87891 8.01562 0.0566406 0.046875
4.93555 7.96875 0.0566406 0.046875
4.93555 8.01562 0.0566406 0.046875
4.99219 7.96875 0.0566406 0.046875
4.99219 8.01562 0.0566406 0.046875
5.04883 7.96875 0.0566406 0.046875
5.04883 8.01562 0.0566406 0.046875
5.10547 7.96875 0.0566406 0.046875
5.10547 8.01562 0.0566406 0.046875
5.16211 7.96875 0.0566406 0.046875
5.16211 8.01562 0.0566406 0.046875
5.21875 7.96875 0.0566406 0.046875
5.21875 8.01562 0.0566406 0.046875
5.27539 7.96875 0.0566406 0.046875
5.27539 8.01562 0.0566406 0.046875
5.33203 7.96875 0.0566406 0.046875
5.33203 8.01562 0.0566406 0.046875
5.38867 7.96875 0.0566406 0.046875
5.38867 8.01562 0.0566406 0.046875
5.44531 7.96875 0.0566406 0.046875
5.44531 8.01562 0.0566406 0.046875
5.50195 7.96875 0.0566406 0.046875
5.50195 8.01562 0.0566406 0.046875
5.55859 7.96875 0.0566406 0.046875
5.55859 8.01562 0.0566406 0.046875
5.61523 7.96875 0.0566406 0.046875
5.61523 8.01562 0.0566406 0.046875
5.67188 7.96875 0.0566406 0.046875
5.67188 8.01562 0.0566406 0.046875
5.72852 7.96875 0.0566406 0.046875
5.72852 8.01562 0.0566406 0.046875
5.78516 7.96875 0.0566406 0.046875
5.78516 8.01562 0.0566406 0.046875
5.8418 7.96875 0.0566406 0.046875
5.8418 8.01562 0.0566406 0.046875
5.89844 7.96875 0.0566406 0.046875
5.89844 8.01562 0.0566406 0.046875
5.95508 7.96875 0.0566406 0.046875
5.95508 8.01562 0.0566406 0.046875
6.01172 7.96875 0.0566406 0.046875
6.01172 8.01562 0.0566406 0.046875
6.06836 7.96875 0.0566406 0.046875
6.06836 8.01562 0.0566406 0.046875
2.5 11.9062 0.0566406 0.046875
2.5 11.9531 0.0566406 0.046875
2.55664 11.9062 0.0566406 0.046875
2.55664 11.9531 0.0566406 0.046875
2.61328 11.9062 0.0566406 0.046875
2.61328 11.9531 0.0566406 0.046875
2.66992 11.9062 0.0566406 0.046875
2.66992 11.9531 0.0566406 0.046875
2.72656 11.9062 0.0566406 0.046875
2.72656 11.9531 0.0566406 0.046875
2.7832 11.9062 0.0566406 0.046875
2.7832 11.9531 0.0566406 0.046875
2.83984 11.9062 0.0566406 0.046875
2.83984 11.9531 0.0566406 0.046875
2.89648 11.9062 0.0566406 0.046875
2.89648 11.9531 0.0566406 0.046875
2.95312 11.9062 0.0566406 0.046875
2.95312 11.9531 0.0566406 0.046875
3.00977 11.9062 0.0566406 0.046875
3.00977 11.9531 0.0566406 0.046875
3.06641 11.9062 0.0566406 0.046875
3.06641 11.9531 0.0566406 0.046875
3.12305 11.9062 0.0566406 0.046875
3.12305 11.9531 0.0566406 0.046875
3.17969 11.9062 0.0566406 0.046875
3.17969 11.9531 0.0566406 0.046875
3.23633 11.9062 0.0566406 0.046875
3.23633 11.9531 0.0566406 0.046875
3.29297 11.9062 0.0566406 0.046875
3.29297 11.9531 0.0566406 0.046875
3.34961 11.9062 0.0566406 0.046875
3.34961 11.9531 0.0566406 0.046875
3.40625 11.9062 0.0566406 0.046875
3.40625 11.9531 0.0566406 0.046875
3.46289 11.9062 0.0566406 0.046875
3.46289 11.9531 0.0566406 0.046875
3.51953 11.9062 0.0566406 0.046875
3.51953 11.9531 0.0566406 0.046875
3.57617 11.9062 0.0566406 0.046875
3.57617 11.9531 0.0566406 0.046875
3.63281 11.9062 0.0566406 0.046875
3.63281 11.9531 0.0566406 0.046875
3.68945 11.9062 0.0566406 0.046875
3.68945 11.9531 0.0566406 0.046875
3.74609 11.9062 0.0566406 0.046875
3.74609 11.9531 0.0566406 0.046875
3.80273 11.9062 0.0566406 0.046875
3.80273 11.9531 0.0566406 0.046875
3.85938 11.9062 0.0566406 0.046875
3.85938 11.9531 0.0566406 0.046875
3.91602 11.9062 0.0566406 0.046875
3.91602 11.9531 0.0566406 0.046875
3.97266 11.9062 0.0566406 0.046875
3.97266 11.9531 0.0566406 0.046875
4.0293 11.9062 0.0566406 0.046875
4.0293 11.9531 0.0566406 0.046875
4.08594 11.9062 0.0566406 0.046875
4.08594 11.9531 0.0566406 0.046875
4.14258 11.9062 0.0566406 0.046875
4.14258 11.9531 0.0566406 0.046875
4.19922 11.9062 0.0566406 0.046875
4.19922 11.9531 0.0566406 0.046875
4.25586 11.9062 0.0566406 0.046875
4.25586 11.9531 0.0566406 0.046875
4.99219 10.9688 0.0566406 0.046875
4.99219 11.0156 0.0566406 0.046875
5.04883 10.9688 0.0566406 0.046875
5.04883 11.0156 0.0566406 0.046875
5.10547 10.9688 0.0566406 0.046875
5.10547 11.0156 0.0566406 0.046875
5.16211 10.9688 0.0566406 0.046875
5.16211 11.0156 0.0566406 0.046875
4.99219 11.0625 0.0566406 0.046875
4.99219 11.1094 0.0566406 0.046875
4.99219 11.1562 0.0566406 0.046875
4.99219 11.2031 0.0566406 0.046875
4.3125 11.9062 0.0566406 0.046875
4.3125 11.9531 0.0566406 0.046875
4.36914 11.9062 0.0566406 0.046875
4.36914 11.9531 0.0566406 0.046875
4.42578 11.9062 0.0566406 0.046875
4.42578 11.9531 0.0566406 0.046875
4.48242 11.9062 0.0566406 0.046875
4.48242 11.9531 0.0566406 0.046875
4.53906 11.9062 0.0566406 0.046875
4.53906 11.9531 0.0566406 0.046875
4.5957 11.9062 0.0566406 0.046875
4.5957 11.9531 0.0566406 0.046875
4.65234 11.9062 0.0566406 0.046875
4.65234 11.9531 0.0566406 0.046875
4.70898 11.9062 0.0566406 0.046875
4.70898 11.9531 0.0566406 0.046875
4.99219 11.25 0.0566406 0.046875
4.99219 11.2969 0.0566406 0.046875
4.99219 11.3438 0.0566406 0.046875
4.99219 11.3906 0.0566406 0.046875
4.99219 11.4375 0.0566406 0.046875
4.99219 11.4844 0.0566406 0.046875
4.99219 11.5312 0.0566406 0.046875
4.99219 11.5781 0.0566406 0.046875
4.76562 11.9062 0.0566406 0.046875
4.76562 11.9531 0.0566406 0.046875
4.82227 11.9062 0.0566406 0.046875
4.82227 11.9531 0.0566406 0.046875
4.87891 11.9062 0.0566406 0.046875
4.87891 11.9531 0.0566406 0.046875
4.93555 11.9062 0.0566406 0.046875
4.93555 11.9531 0.0566406 0.046875
4.99219 11.625 0.0566406 0.046875
4.99219 11.6719 0.0566406 0.046875
4.99219 11.7188 0.0566406 0.046875
4.99219 11.7656 0.0566406 0.046875
4.99219 11.8125 0.0566406 0.046875
4.99219 11.8594 0.0566406 0.046875
4.99219 11.9062 0.0566406 0.046875
4.99219 11.9531 0.0566406 0.046875
5.21875 10.9688 0.0566406 0.046875
5.21875 11.0156 0.0566406 0.046875
5.27539 10.9688 0.0566406 0.046875
5.27539 11.0156 0.0566406 0.046875
5.33203 10.9688 0.0566406 0.046875
5.33203 11.0156 0.0566406 0.046875
5.38867 10.9688 0.0566406 0.046875
5.38867 11.0156 0.0566406 0.046875
5.44531 10.9688 0.0566406 0.046875
5.44531 11.0156 0.0566406 0.046875
5.50195 10.9688 0.0566406 0.046875
5.50195 11.0156 0.0566406 0.046875
5.55859 10.9688 0.0566406 0.046875
5.55859 11.0156 0.0566406 0.046875
5.61523 10.9688 0.0566406 0.046875
5.61523 11.0156 0.0566406 0.046875
5.67188 10.9688 0.0566406 0.046875
5.67188 11.0156 0.0566406 0.046875
5.72852 10.9688 0.0566406 0.046875
5.72852 11.0156 0.0566406 0.046875
5.78516 10.9688 0.0566406 0.046875
5.78516 11.0156 0.0566406 0.046875
5.8418 10.9688 0.0566406 0.046875
5.8418 11.0156 0.0566406 0.046875
5.89844 10.9688 0.0566406 0.046875
5.89844 11.0156 0.0566406 0.046875
5.95508 10.9688 0.0566406 0.046875
5.95508 11.0156 0.0566406 0.046875
6.01172 10.9688 0.0566406 0.046875
6.01172 11.0156 0.0566406 0.046875
6.06836 10.9688 0.0566406 0.046875
6.06836 11.0156 0.0566406 0.046875
6.125 7.96875 0.0566406 0.046875
6.125 8.01562 0.0566406 0.046875
6.18164 7.96875 0.0566406 0.046875
6.18164 8.01562 0.0566406 0.046875
6.23828 7.96875 0.0566406 0.046875
6.23828 8.01562 0.0566406 0.046875
6.29492 7.96875 0.0566406 0.046875
6.29492 8.01562 0.0566406 0.046875
6.35156 7.96875 0.0566406 0.046875
6.35156 8.01562 0.0566406 0.046875
6.4082 7.96875 0.0566406 0.046875
6.4082 8.01562 0.0566406 0.046875
6.46484 7.96875 0.0566406 0.046875
6.46484 8.01562 0.0566406 0.046875
6.52148 7.96875 0.0566406 0.046875
6.52148 8.01562 0.0566406 0.046875
6.57812 7.96875 0.0566406 0.046875
6.57812 8.01562 0.0566406 0.046875
6.63477 7.96875 0.0566406 0.046875
6.63477 8.01562 0.0566406 0.046875
6.69141 7.96875 0.0566406 0.046875
6.69141 8.01562 0.0566406 0.046875
6.74805 7.96875 0.0566406 0.046875
6.74805 8.01562 0.0566406 0.046875
6.80469 7.96875 0.0566406 0.046875
6.80469 8.01562 0.0566406 0.046875
6.86133 7.96875 0.0566406 0.046875
6.86133 8.01562 0.0566406 0.046875
6.91797 7.96875 0.0566406 0.046875
6.91797 8.01562 0.0566406 0.046875
6.97461 7.96875 0.0566406 0.046875
6.97461 8.01562 0.0566406 0.046875
7.03125 7.96875 0.0566406 0.046875
7.03125 8.01562 0.0566406 0.046875
7.08789 7.96875 0.0566406 0.046875
7.08789 8.01562 0.0566406 0.046875
7.14453 7.96875 0.0566406 0.046875
7.14453 8.01562 0.0566406 0.046875
7.20117 7.96875 0.0566406 0.046875
7.20117 8.01562 0.0566406 0.046875
7.25781 7.96875 0.0566406 0.046875
7.25781 8.01562 0.0566406 0.046875
7.31445 7.96875 0.0566406 0.046875
7.31445 8.01562 0.0566406 0.046875
7.37109 7.96875 0.0566406 0.046875
7.37109 8.01562 0.0566406 0.046875
7.42773 7.96875 0.0566406 0.046875
7.42773 8.01562 0.0566406 0.046875
7.48438 7.96875 0.0566406 0.046875
7.48438 8.01562 0.0566406 0.046875
7.54102 7.96875 0.0566406 0.046875
7.54102 8.01562 0.0566406 0.046875
7.59766 7.96875 0.0566406 0.046875
7.59766 8.01562 0.0566406 0.046875
7.6543 7.96875 0.0566406 0.046875
7.6543 8.01562 0.0566406 0.046875
7.71094 7.96875 0.0566406 0.046875
7.71094 8.01562 0.0566406 0.046875
7.76758 7.96875 0.0566406 0.046875
7.76758 8.01562 0.0566406 0.046875
7.82422 7.96875 0.0566406 0.046875
7.82422 8.01562 0.0566406 0.046875
7.88086 7.96875 0.0566406 0.046875
7.88086 8.01562 0.0566406 0.046875
8.95703 6.9375 0.0566406 0.046875
8.95703 6.98438 0.0566406 0.046875
9.01367 6.9375 0.0566406 0.046875
9.01367 6.98438 0.0566406 0.046875
8.95703 7.03125 0.0566406 0.046875
8.95703 7.07812 0.0566406 0.046875
9.07031 6.9375 0.0566406 0.046875
9.07031 6.98438 0.0566406 0.046875
9.12695 6.9375 0.0566406 0.046875
9.12695 6.98438 0.0566406 0.046875
9.18359 6.9375 0.0566406 0.046875
9.18359 6.98438 0.0566406 0.046875
9.24023 6.9375 0.0566406 0.046875
9.24023 6.98438 0.0566406 0.046875
8.95703 7.125 0.0566406 0.046875
8.95703 7.17188 0.0566406 0.046875
8.95703 7.21875 0.0566406 0.046875
8.95703 7.26562 0.0566406 0.046875
8.95703 7.3125 0.0566406 0.046875
8.95703 7.35938 0.0566406 0.046875
8.95703 7.40625 0.0566406 0.046875
8.95703 7.45312 0.0566406 0.046875
9.29688 6.9375 0.0566406 0.046875
9.29688 6.98438 0.0566406 0.046875
9.35352 6.9375 0.0566406 0.046875
9.35352 6.98438 0.0566406 0.046875
9.41016 6.9375 0.0566406 0.046875
9.41016 6.98438 0.0566406 0.046875
9.4668 6.9375 0.0566406 0.046875
9.4668 6.98438 0.0566406 0.046875
9.52344 6.9375 0.0566406 0.046875
9.52344 6.98438 0.0566406 0.046875
9.58008 6.9375 0.0566406 0.046875
9.58008 6.98438 0.0566406 0.046875
9.63672 6.9375 0.0566406 0.046875
9.63672 6.98438 0.0566406 0.046875
9.69336 6.9375 0.0566406 0.046875
9.69336 6.98438 0.0566406 0.046875
7.9375 7.96875 0.0566406 0.046875
7.9375 8.01562 0.0566406 0.046875
7.99414 7.96875 0.0566406 0.046875
7.99414 8.01562 0.0566406 0.046875
8.05078 7.96875 0.0566406 0.046875
8.05078 8.01562 0.0566406 0.046875
8.10742 7.96875 0.0566406 0.046875
8.10742 8.01562 0.0566406 0.046875
8.16406 7.96875 0.0566406 0.046875
8.16406 8.01562 0.0566406 0.046875
8.2207 7.96875 0.0566406 0.046875
8.2207 8.01562 0.0566406 0.046875
8.27734 7.96875 0.0566406 0.046875
8.27734 8.01562 0.0566406 0.046875
8.33398 7.96875 0.0566406 0.046875
8.33398 8.01562 0.0566406 0.046875
8.39062 7.96875 0.0566406 0.046875
8.39062 8.01562 0.0566406 0.046875
8.44727 7.96875 0.0566406 0.046875
8.44727 8.01562 0.0566406 0.046875
8.50391 7.96875 0.0566406 0.046875
8.50391 8.01562 0.0566406 0.046875
8.56055 7.96875 0.0566406 0.046875
8.56055 8.01562 0.0566406 0.046875
8.61719 7.96875 0.0566406 0.046875
8.61719 8.01562 0.0566406 0.046875
8.67383 7.96875 0.0566406 0.046875
8.67383 8.01562 0.0566406 0.046875
8.73047 7.96875 0.0566406 0.046875
8.73047 8.01562 0.0566406 0.046875
8.78711 7.96875 0.0566406 0.046875
8.78711 8.01562 0.0566406 0.046875
7.99414 8.90625 0.0566406 0.046875
7.99414 8.95312 0.0566406 0.046875
8.05078 8.90625 0.0566406 0.046875
8.05078 8.95312 0.0566406 0.046875
8.10742 8.90625 0.0566406 0.046875
8.10742 8.95312 0.0566406 0.046875
8.16406 8.90625 0.0566406 0.046875
8.16406 8.95312 0.0566406 0.046875
8.2207 8.90625 0.0566406 0.046875
8.2207 8.95312 0.0566406 0.046875
8.27734 8.90625 0.0566406 0.046875
8.27734 8.95312 0.0566406 0.046875
8.33398 8.90625 0.0566406 0.046875
8.33398 8.95312 0.0566406 0.046875
8.39062 8.90625 0.0566406 0.046875
8.39062 8.95312 0.0566406 0.046875
8.44727 8.90625 0.0566406 0.046875
8.44727 8.95312 0.0566406 0.046875
8.50391 8.90625 0.0566406 0.046875
8.50391 8.95312 0.0566406 0.046875
8.56055 8.90625 0.0566406 0.046875
8.56055 8.95312 0.0566406 0.046875
8.61719 8.90625 0.0566406 0.046875
8.61719 8.95312 0.0566406 0.046875
8.67383 8.90625 0.0566406 0.046875
8.67383 8.95312 0.0566406 0.046875
8.73047 8.90625 0.0566406 0.046875
8.73047 8.95312 0.0566406 0.046875
8.78711 8.90625 0.0566406 0.046875
8.78711 8.95312 0.0566406 0.046875
8.95703 7.5 0.0566406 0.046875
8.95703 7.54688 0.0566406 0.046875
8.95703 7.59375 0.0566406 0.046875
8.95703 7.64062 0.0566406 0.046875
8.95703 7.6875 0.0566406 0.046875
8.95703 7.73438 0.0566406 0.046875
8.95703 7.78125 0.0566406 0.046875
8.95703 7.82812 0.0566406 0.046875
8.84375 7.96875 0.0566406 0.046875
8.84375 8.01562 0.0566406 0.046875
8.90039 7.96875 0.0566406 0.046875
8.90039 8.01562 0.0566406 0.046875
8.95703 7.875 0.0566406 0.046875
8.95703 7.92188 0.0566406 0.046875
8.95703 7.96875 0.0566406 0.046875
8.95703 8.01562 0.0566406 0.046875
9.01367 7.96875 0.0566406 0.046875
9.01367 8.01562 0.0566406 0.046875
8.95703 8.0625 0.0566406 0.046875
8.95703 8.10938 0.0566406 0.046875
8.95703 8.15625 0.0566406 0.046875
8.95703 8.20312 0.0566406 0.046875
9.07031 7.96875 0.0566406 0.046875
9.07031 8.01562 0.0566406 0.046875
9.12695 7.96875 0.0566406 0.046875
9.12695 8.01562 0.0566406 0.046875
9.18359 7.96875 0.0566406 0.046875
9.18359 8.01562 0.0566406 0.046875
9.24023 7.96875 0.0566406 0.046875
9.24023 8.01562 0.0566406 0.046875
9.29688 7.96875 0.0566406 0.046875
9.29688 8.01562 0.0566406 0.046875
9.35352 7.96875 0.0566406 0.046875
9.35352 8.01562 0.0566406 0.046875
9.41016 7.96875 0.0566406 0.046875
9.41016 8.01562 0.0566406 0.046875
9.4668 7.96875 0.0566406 0.046875
9.4668 8.01562 0.0566406 0.046875
9.52344 7.96875 0.0566406 0.046875
9.52344 8.01562 0.0566406 0.046875
9.58008 7.96875 0.0566406 0.046875
9.58008 8.01562 0.0566406 0.046875
9.63672 7.96875 0.0566406 0.046875
9.63672 8.01562 0.0566406 0.046875
9.69336 7.96875 0.0566406 0.046875
9.69336 8.01562 0.0566406 0.046875
8.95703 8.25 0.0566406 0.046875
8.95703 8.29688 0.0566406 0.046875
8.95703 8.34375 0.0566406 0.046875
8.95703 8.39062 0.0566406 0.046875
8.95703 8.4375 0.0566406 0.046875
8.95703 8.48438 0.0566406 0.046875
8.95703 8.53125 0.0566406 0.046875
8.95703 8.57812 0.0566406 0.046875
8.95703 8.625 0.0566406 0.046875
8.95703 8.67188 0.0566406 0.046875
8.95703 8.71875 0.0566406 0.046875
8.95703 8.76562 0.0566406 0.046875
8.84375 8.90625 0.0566406 0.046875
8.84375 8.95312 0.0566406 0.046875
8.90039 8.90625 0.0566406 0.046875
8.90039 8.95312 0.0566406 0.046875
8.95703 8.8125 0.0566406 0.046875
8.95703 8.85938 0.0566406 0.046875
8.95703 8.90625 0.0566406 0.046875
8.95703 8.95312 0.0566406 0.046875
6.97461 9.9375 0.0566406 0.046875
6.97461 9.98438 0.0566406 0.046875
6.97461 10.0312 0.0566406 0.046875
6.97461 10.0781 0.0566406 0.046875
6.97461 10.125 0.0566406 0.046875
6.97461 10.1719 0.0566406 0.046875
6.97461 10.2188 0.0566406 0.046875
6.97461 10.2656 0.0566406 0.046875
6.97461 10.3125 0.0566406 0.046875
6.97461 10.3594 0.0566406 0.046875
6.97461 10.4062 0.0566406 0.046875
6.97461 10.4531 0.0566406 0.046875
7.03125 9.9375 0.0566406 0.046875
7.03125 9.98438 0.0566406 0.046875
7.08789 9.9375 0.0566406 0.046875
7.08789 9.98438 0.0566406 0.046875
7.14453 9.9375 0.0566406 0.046875
7.14453 9.98438 0.0566406 0.046875
7.20117 9.9375 0.0566406 0.046875
7.20117 9.98438 0.0566406 0.046875
7.25781 9.9375 0.0566406 0.046875
7.25781 9.98438 0.0566406 0.046875
7.31445 9.9375 0.0566406 0.046875
7.31445 9.98438 0.0566406 0.046875
7.37109 9.9375 0.0566406 0.046875
7.37109 9.98438 0.0566406 0.046875
7.42773 9.9375 0.0566406 0.046875
7.42773 9.98438 0.0566406 0.046875
7.48438 9.9375 0.0566406 0.046875
7.48438 9.98438 0.0566406 0.046875
7.54102 9.9375 0.0566406 0.046875
7.54102 9.98438 0.0566406 0.046875
7.59766 9.9375 0.0566406 0.046875
7.59766 9.98438 0.0566406 0.046875
7.6543 9.9375 0.0566406 0.046875
7.6543 9.98438 0.0566406 0.046875
7.71094 9.9375 0.0566406 0.046875
7.71094 9.98438 0.0566406 0.046875
7.76758 9.9375 0.0566406 0.046875
7.76758 9.98438 0.0566406 0.046875
7.82422 9.9375 0.0566406 0.046875
7.82422 9.98438 0.0566406 0.046875
7.88086 9.9375 0.0566406 0.046875
7.88086 9.98438 0.0566406 0.046875
6.125 10.9688 0.0566406 0.046875
6.125 11.0156 0.0566406 0.046875
6.18164 10.9688 0.0566406 0.046875
6.18164 11.0156 0.0566406 0.046875
6.23828 10.9688 0.0566406 0.046875
6.23828 11.0156 0.0566406 0.046875
6.29492 10.9688 0.0566406 0.046875
6.29492 11.0156 0.0566406 0.046875
6.35156 10.9688 0.0566406 0.046875
6.35156 11.0156 0.0566406 0.046875
6.4082 10.9688 0.0566406 0.046875
6.4082 11.0156 0.0566406 0.046875
6.46484 10.9688 0.0566406 0.046875
6.46484 11.0156 0.0566406 0.046875
6.52148 10.9688 0.0566406 0.046875
6.52148 11.0156 0.0566406 0.046875
6.97461 10.5 0.0566406 0.046875
6.97461 10.5469 0.0566406 0.046875
6.97461 10.5938 0.0566406 0.046875
6.97461 10.6406 0.0566406 0.046875
6.97461 10.6875 0.0566406 0.046875
6.97461 10.7344 0.0566406 0.046875
6.97461 10.7812 0.0566406 0.046875
6.97461 10.8281 0.0566406 0.046875
6.57812 10.9688 0.0566406 0.046875
6.57812 11.0156 0.0566406 0.046875
6.63477 10.9688 0.0566406 0.046875
6.63477 11.0156 0.0566406 0.046875
6.69141 10.9688 0.0566406 0.046875
6.69141 11.0156 0.0566406 0.046875
6.74805 10.9688 0.0566406 0.046875
6.74805 11.0156 0.0566406 0.046875
6.80469 10.9688 0.0566406 0.046875
6.80469 11.0156 0.0566406 0.046875
6.86133 10.9688 0.0566406 0.046875
6.86133 11.0156 0.0566406 0.046875
6.97461 10.875 0.0566406 0.046875
6.97461 10.9219 0.0566406 0.046875
6.91797 10.9688 0.0566406 0.046875
6.91797 11.0156 0.0566406 0.046875
6.97461 10.9688 0.0566406 0.046875
6.97461 11.0156 0.0566406 0.046875
7.99414 9 0.0566406 0.046875
7.99414 9.04688 0.0566406 0.046875
7.99414 9.09375 0.0566406 0.046875
7.99414 9.14062 0.0566406 0.046875
7.99414 9.1875 0.0566406 0.046875
7.99414 9.23438 0.0566406 0.046875
7.99414 9.28125 0.0566406 0.046875
7.99414 9.32812 0.0566406 0.046875
7.99414 9.375 0.0566406 0.046875
7.99414 9.42188 0.0566406 0.046875
7.99414 9.46875 0.0566406 0.046875
7.99414 9.51562 0.0566406 0.046875
7.99414 9.5625 0.0566406 0.046875
7.99414 9.60938 0.0566406 0.046875
7.99414 9.65625 0.0566406 0.046875
7.99414 9.70312 0.0566406 0.046875
7.99414 9.75 0.0566406 0.046875
7.99414 9.79688 0.0566406 0.046875
7.99414 9.84375 0.0566406 0.046875
7.99414 9.89062 0.0566406 0.046875
7.9375 9.9375 0.0566406 0.046875
7.9375 9.98438 0.0566406 0.046875
7.99414 9.9375 0.0566406 0.046875
7.99414 9.98438 0.0566406 0.046875
12.9785 0 0.0566406 0.046875
12.9785 0.046875 0.0566406 0.046875
12.9785 0.09375 0.0566406 0.046875
12.9785 0.140625 0.0566406 0.046875
12.9785 0.1875 0.0566406 0.046875
12.9785 0.234375 0.0566406 0.046875
12.9785 0.28125 0.0566406 0.046875
12.9785 0.328125 0.0566406 0.046875
12.9785 0.375 0.0566406 0.046875
12.9785 0.421875 0.0566406 0.046875
12.9785 0.46875 0.0566406 0.046875
12.9785 0.515625 0.0566406 0.046875
12.9785 0.5625 0.0566406 0.046875
12.9785 0.609375 0.0566406 0.046875
12.9785 0.65625 0.0566406 0.046875
12.9785 0.703125 0.0566406 0.046875
12.9785 0.75 0.0566406 0.046875
12.9785 0.796875 0.0566406 0.046875
12.9785 0.84375 0.0566406 0.046875
12.9785 0.890625 0.0566406 0.046875
12.9785 0.9375 0.0566406 0.046875
12.9785 0.984375 0.0566406 0.046875
10.9961 5.90625 0.0566406 0.046875
10.9961 5.95312 0.0566406 0.046875
11.959 3.9375 0.0566406 0.046875
11.959 3.98438 0.0566406 0.046875
11.959 4.03125 0.0566406 0.046875
11.959 4.07812 0.0566406 0.046875
11.959 4.125 0.0566406 0.046875
11.959 4.17188 0.0566406 0.046875
11.959 4.21875 0.0566406 0.046875
11.959 4.26562 0.0566406 0.046875
11.959 4.3125 0.0566406 0.046875
11.959 4.35938 0.0566406 0.046875
11.959 4.40625 0.0566406 0.046875
11.959 4.45312 0.0566406 0.046875
11.959 4.5 0.0566406 0.046875
11.959 4.54688 0.0566406 0.046875
11.959 4.59375 0.0566406 0.046875
11.959 4.64062 0.0566406 0.046875
11.959 4.6875 0.0566406 0.046875
11.959 4.73438 0.0566406 0.046875
11.959 4.78125 0.0566406 0.046875
11.959 4.82812 0.0566406 0.046875
11.959 4.875 0.0566406 0.046875
11.959 4.92188 0.0566406 0.046875
11.959 4.96875 0.0566406 0.046875
11.959 5.01562 0.0566406 0.046875
9.75 6.9375 0.0566406 0.046875
9.75 6.98438 0.0566406 0.046875
9.80664 6.9375 0.0566406 0.046875
9.80664 6.98438 0.0566406 0.046875
9.86328 6.9375 0.0566406 0.046875
9.86328 6.98438 0.0566406 0.046875
9.91992 6.9375 0.0566406 0.046875
9.91992 6.98438 0.0566406 0.046875
9.97656 6.9375 0.0566406 0.046875
9.97656 6.98438 0.0566406 0.046875
10.0332 6.9375 0.0566406 0.046875
10.0332 6.98438 0.0566406 0.046875
9.97656 7.03125 0.0566406 0.046875
9.97656 7.07812 0.0566406 0.046875
10.0898 6.9375 0.0566406 0.046875
10.0898 6.98438 0.0566406 0.046875
10.1465 6.9375 0.0566406 0.046875
10.1465 6.98438 0.0566406 0.046875
9.97656 7.125 0.0566406 0.046875
9.97656 7.17188 0.0566406 0.046875
9.97656 7.21875 0.0566406 0.046875
9.97656 7.26562 0.0566406 0.046875
9.97656 7.3125 0.0566406 0.046875
9.97656 7.35938 0.0566406 0.046875
9.97656 7.40625 0.0566406 0.046875
9.97656 7.45312 0.0566406 0.046875
10.2031 6.9375 0.0566406 0.046875
10.2031 6.98438 0.0566406 0.046875
10.2598 6.9375 0.0566406 0.046875
10.2598 6.98438 0.0566406 0.046875
10.3164 6.9375 0.0566406 0.046875
10.3164 6.98438 0.0566406 0.046875
10.373 6.9375 0.0566406 0.046875
10.373 6.98438 0.0566406 0.046875
10.4297 6.9375 0.0566406 0.046875
10.4297 6.98438 0.0566406 0.046875
10.4863 6.9375 0.0566406 0.046875
10.4863 6.98438 0.0566406 0.046875
10.543 6.9375 0.0566406 0.046875
10.543 6.98438 0.0566406 0.046875
10.5996 6.9375 0.0566406 0.046875
10.5996 6.98438 0.0566406 0.046875
10.9961 6 0.0566406 0.046875
10.9961 6.04688 0.0566406 0.046875
10.9961 6.09375 0.0566406 0.046875
10.9961 6.14062 0.0566406 0.046875
10.9961 6.1875 0.0566406 0.046875
10.9961 6.23438 0.0566406 0.046875
10.9961 6.28125 0.0566406 0.046875
10.9961 6.32812 0.0566406 0.046875
10.9961 6.375 0.0566406 0.046875
10.9961 6.42188 0.0566406 0.046875
10.9961 6.46875 0.0566406 0.046875
10.9961 6.51562 0.0566406 0.046875
10.9961 6.5625 0.0566406 0.046875
10.9961 6.60938 0.0566406 0.046875
10.9961 6.65625 0.0566406 0.046875
10.9961 6.70312 0.0566406 0.046875
10.6562 6.9375 0.0566406 0.046875
10.6562 6.98438 0.0566406 0.046875
10.7129 6.9375 0.0566406 0.046875
10.7129 6.98438 0.0566406 0.046875
10.7695 6.9375 0.0566406 0.046875
10.7695 6.98438 0.0566406 0.046875
10.8262 6.9375 0.0566406 0.046875
10.8262 6.98438 0.0566406 0.046875
10.9961 6.75 0.0566406 0.046875
10.9961 6.79688 0.0566406 0.046875
10.9961 6.84375 0.0566406 0.046875
10.9961 6.89062 0.0566406 0.046875
10.8828 6.9375 0.0566406 0.046875
10.8828 6.98438 0.0566406 0.046875
10.9395 6.9375 0.0566406 0.046875
10.9395 6.98438 0.0566406 0.046875
10.9961 6.9375 0.0566406 0.046875
10.9961 6.98438 0.0566406 0.046875
9.97656 7.5 0.0566406 0.046875
9.97656 7.54688 0.0566406 0.046875
9.97656 7.59375 0.0566406 0.046875
9.97656 7.64062 0.0566406 0.046875
9.97656 7.6875 0.0566406 0.046875
9.97656 7.73438 0.0566406 0.046875
9.97656 7.78125 0.0566406 0.046875
9.97656 7.82812 0.0566406 0.046875
9.75 7.96875 0.0566406 0.046875
9.75 8.01562 0.0566406 0.046875
9.80664 7.96875 0.0566406 0.046875
9.80664 8.01562 0.0566406 0.046875
9.86328 7.96875 0.0566406 0.046875
9.86328 8.01562 0.0566406 0.046875
9.91992 7.96875 0.0566406 0.046875
9.91992 8.01562 0.0566406 0.046875
9.97656 7.875 0.0566406 0.046875
9.97656 7.92188 0.0566406 0.046875
9.97656 7.96875 0.0566406 0.046875
9.97656 8.01562 0.0566406 0.046875
