-1.125 9 1.8125 1.5
0.6875 9 1.8125 1.5
2.5 9 1.8125 1.5
4.3125 9 1.8125 1.5
-2.9375 8.25 0.90625 0.75
-2.03125 8.25 0.90625 0.75
-2.9375 9 0.90625 0.75
-2.03125 9 0.90625 0.75
-1.125 8.25 0.90625 0.75
-0.21875 8.25 0.90625 0.75
0.6875 8.25 0.90625 0.75
1.59375 8.25 0.90625 0.75
0.6875 10.5 0.90625 0.75
1.59375 10.5 0.90625 0.75
2.5 8.25 0.90625 0.75
3.40625 8.25 0.90625 0.75
4.3125 8.25 0.90625 0.75
5.21875 8.25 0.90625 0.75
2.5 10.5 0.90625 0.75
3.40625 10.5 0.90625 0.75
6.125 8.25 0.90625 0.75
7.03125 8.25 0.90625 0.75
6.125 9 0.90625 0.75
7.03125 9 0.90625 0.75
-1.57812 9.75 0.453125 0.75
0.234375 10.5 0.453125 0.75
4.3125 10.5 0.453125 0.75
6.125 9.75 0.453125 0.75
-4.75 7.125 0.453125 0.375
-4.75 7.5 0.453125 0.375
-3.84375 8.25 0.453125 0.375
-3.39062 8.25 0.453125 0.375
-1.57812 10.5 0.453125 0.375
-1.125 10.5 0.453125 0.375
-0.671875 10.5 0.453125 0.375
-0.21875 10.5 0.453125 0.375
0.234375 11.25 0.453125 0.375
0.6875 11.25 0.453125 0.375
1.14062 11.25 0.453125 0.375
1.59375 11.25 0.453125 0.375
2.04688 11.25 0.453125 0.375
2.5 11.25 0.453125 0.375
2.95312 11.25 0.453125 0.375
3.40625 11.25 0.453125 0.375
3.85938 11.25 0.453125 0.375
4.76562 10.5 0.453125 0.375
4.3125 11.25 0.453125 0.375
5.21875 10.5 0.453125 0.375
5.67188 10.5 0.453125 0.375
9.29688 7.125 0.453125 0.375
7.9375 8.25 0.453125 0.375
8.39062 8.25 0.453125 0.375
9.29688 7.5 0.453125 0.375
6.125 10.5 0.453125 0.375
-4.97656 7.125 0.226562 0.375
-4.97656 7.5 0.226562 0.375
-4.29688 7.125 0.226562 0.375
-4.29688 7.5 0.226562 0.375
-1.80469 9.75 0.226562 0.375
-1.80469 10.125 0.226562 0.375
-1.80469 10.5 0.226562 0.375
0.0078125 10.875 0.226562 0.375
0.0078125 11.25 0.226562 0.375
4.76562 10.875 0.226562 0.375
4.76562 11.25 0.226562 0.375
9.07031 7.125 0.226562 0.375
9.07031 7.5 0.226562 0.375
6.57812 9.75 0.226562 0.375
6.57812 10.125 0.226562 0.375
6.57812 10.5 0.226562 0.375
9.75 7.125 0.226562 0.375
9.75 7.5 0.226562 0.375
-3.84375 8.0625 0.226562 0.1875
-3.61719 8.0625 0.226562 0.1875
-3.39062 8.0625 0.226562 0.1875
-3.16406 8.0625 0.226562 0.1875
-3.84375 8.625 0.226562 0.1875
-3.61719 8.625 0.226562 0.1875
-3.39062 8.625 0.226562 0.1875
-3.16406 8.625 0.226562 0.1875
-2.9375 8.0625 0.226562 0.1875
-2.71094 8.0625 0.226562 0.1875
-2.48438 8.0625 0.226562 0.1875
-2.25781 8.0625 0.226562 0.1875
-2.03125 8.0625 0.226562 0.1875
-1.80469 8.0625 0.226562 0.1875
-1.57812 8.0625 0.226562 0.1875
-1.35156 8.0625 0.226562 0.1875
-2.9375 9.75 0.226562 0.1875
-2.71094 9.75 0.226562 0.1875
-2.48438 9.75 0.226562 0.1875
-2.25781 9.75 0.226562 0.1875
-2.03125 9.75 0.226562 0.1875
-1.125 8.0625 0.226562 0.1875
-0.898438 8.0625 0.226562 0.1875
-0.671875 8.0625 0.226562 0.1875
-0.445312 8.0625 0.226562 0.1875
-0.21875 8.0625 0.226562 0.1875
0.0078125 8.0625 0.226562 0.1875
0.234375 8.0625 0.226562 0.1875
0.460938 8.0625 0.226562 0.1875
0.6875 8.0625 0.226562 0.1875
0.914062 8.0625 0.226562 0.1875
1.14062 8.0625 0.226562 0.1875
1.36719 8.0625 0.226562 0.1875
1.59375 8.0625 0.226562 0.1875
1.82031 8.0625 0.226562 0.1875
2.04688 8.0625 0.226562 0.1875
2.27344 8.0625 0.226562 0.1875
0.0078125 11.625 0.226562 0.1875
0.234375 11.625 0.226562 0.1875
0.460938 11.625 0.226562 0.1875
0.6875 11.625 0.226562 0.1875
0.914062 11.625 0.226562 0.1875
1.14062 11.625 0.226562 0.1875
1.36719 11.625 0.226562 0.1875
1.59375 11.625 0.226562 0.1875
1.82031 11.625 0.226562 0.1875
2.04688 11.625 0.226562 0.1875
2.27344 11.625 0.226562 0.1875
2.5 8.0625 0.226562 0.1875
2.72656 8.0625 0.226562 0.1875
2.95312 8.0625 0.226562 0.1875
3.17969 8.0625 0.226562 0.1875
3.40625 8.0625 0.226562 0.1875
3.63281 8.0625 0.226562 0.1875
3.85938 8.0625 0.226562 0.1875
4.08594 8.0625 0.226562 0.1875
4.3125 8.0625 0.226562 0.1875
4.53906 8.0625 0.226562 0.1875
4.76562 8.0625 0.226562 0.1875
4.99219 8.0625 0.226562 0.1875
5.21875 8.0625 0.226562 0.1875
5.44531 8.0625 0.226562 0.1875
5.67188 8.0625 0.226562 0.1875
5.89844 8.0625 0.226562 0.1875
2.5 11.625 0.226562 0.1875
2.72656 11.625 0.226562 0.1875
2.95312 11.625 0.226562 0.1875
3.17969 11.625 0.226562 0.1875
3.40625 11.625 0.226562 0.1875
3.63281 11.625 0.226562 0.1875
3.85938 11.625 0.226562 0.1875
4.08594 11.625 0.226562 0.1875
4.3125 11.625 0.226562 0.1875
4.53906 11.625 0.226562 0.1875
4.76562 11.625 0.226562 0.1875
6.125 8.0625 0.226562 0.1875
6.35156 8.0625 0.226562 0.1875
6.57812 8.0625 0.226562 0.1875
6.80469 8.0625 0.226562 0.1875
7.03125 8.0625 0.226562 0.1875
7.25781 8.0625 0.226562 0.1875
7.48438 8.0625 0.226562 0.1875
7.71094 8.0625 0.226562 0.1875
7.9375 8.0625 0.226562 0.1875
8.16406 8.0625 0.226562 0.1875
8.39062 8.0625 0.226562 0.1875
8.61719 8.0625 0.226562 0.1875
7.9375 8.625 0.226562 0.1875
8.16406 8.625 0.226562 0.1875
8.39062 8.625 0.226562 0.1875
8.61719 8.625 0.226562 0.1875
6.80469 9.75 0.226562 0.1875
7.03125 9.75 0.226562 0.1875
7.25781 9.75 0.226562 0.1875
7.48438 9.75 0.226562 0.1875
7.71094 9.75 0.226562 0.1875
-3.95703 8.0625 0.113281 0.1875
-3.95703 8.25 0.113281 0.1875
-3.95703 8.4375 0.113281 0.1875
-3.95703 8.625 0.113281 0.1875
-1.91797 9.9375 0.113281 0.1875
-1.91797 10.125 0.113281 0.1875
-1.91797 10.3125 0.113281 0.1875
-1.91797 10.5 0.113281 0.1875
-1.91797 10.6875 0.113281 0.1875
8.84375 8.0625 0.113281 0.1875
8.84375 8.25 0.113281 0.1875
8.84375 8.4375 0.113281 0.1875
8.84375 8.625 0.113281 0.1875
6.80469 9.9375 0.113281 0.1875
6.80469 10.125 0.113281 0.1875
6.80469 10.3125 0.113281 0.1875
6.80469 10.5 0.113281 0.1875
6.80469 10.6875 0.113281 0.1875
-4.97656 7.03125 0.113281 0.09375
-4.86328 7.03125 0.113281 0.09375
-4.97656 7.875 0.113281 0.09375
-4.86328 7.875 0.113281 0.09375
-4.75 7.03125 0.113281 0.09375
-4.63672 7.03125 0.113281 0.09375
-4.52344 7.03125 0.113281 0.09375
-4.41016 7.03125 0.113281 0.09375
-4.29688 7.03125 0.113281 0.09375
-4.18359 7.03125 0.113281 0.09375
-4.75 7.875 0.113281 0.09375
-4.63672 7.875 0.113281 0.09375
-4.52344 7.875 0.113281 0.09375
-4.41016 7.875 0.113281 0.09375
-4.29688 7.875 0.113281 0.09375
-4.18359 7.875 0.113281 0.09375
-3.95703 8.8125 0.113281 0.09375
-3.84375 8.8125 0.113281 0.09375
-3.73047 8.8125 0.113281 0.09375
-3.61719 8.8125 0.113281 0.09375
-3.50391 8.8125 0.113281 0.09375
-3.39062 8.8125 0.113281 0.09375
-3.27734 8.8125 0.113281 0.09375
-3.16406 8.8125 0.113281 0.09375
-3.05078 8.8125 0.113281 0.09375
-1.91797 10.875 0.113281 0.09375
-1.80469 10.875 0.113281 0.09375
-1.69141 10.875 0.113281 0.09375
-1.57812 10.875 0.113281 0.09375
-1.46484 10.875 0.113281 0.09375
-1.35156 10.875 0.113281 0.09375
-1.23828 10.875 0.113281 0.09375
-1.125 10.875 0.113281 0.09375
-1.01172 10.875 0.113281 0.09375
-0.898438 10.875 0.113281 0.09375
-0.785156 10.875 0.113281 0.09375
-0.671875 10.875 0.113281 0.09375
-0.558594 10.875 0.113281 0.09375
-0.445312 10.875 0.113281 0.09375
-0.332031 10.875 0.113281 0.09375
-0.21875 10.875 0.113281 0.09375
-0.105469 10.875 0.113281 0.09375
0.0078125 11.8125 0.113281 0.09375
0.121094 11.8125 0.113281 0.09375
0.234375 11.8125 0.113281 0.09375
0.347656 11.8125 0.113281 0.09375
0.460938 11.8125 0.113281 0.09375
0.574219 11.8125 0.113281 0.09375
0.6875 11.8125 0.113281 0.09375
0.800781 11.8125 0.113281 0.09375
0.914062 11.8125 0.113281 0.09375
1.02734 11.8125 0.113281 0.09375
1.14062 11.8125 0.113281 0.09375
1.25391 11.8125 0.113281 0.09375
1.36719 11.8125 0.113281 0.09375
1.48047 11.8125 0.113281 0.09375
1.59375 11.8125 0.113281 0.09375
1.70703 11.8125 0.113281 0.09375
1.82031 11.8125 0.113281 0.09375
1.93359 11.8125 0.113281 0.09375
2.04688 11.8125 0.113281 0.09375
2.16016 11.8125 0.113281 0.09375
2.27344 11.8125 0.113281 0.09375
2.38672 11.8125 0.113281 0.09375
2.5 11.8125 0.113281 0.09375
2.61328 11.8125 0.113281 0.09375
2.72656 11.8125 0.113281 0.09375
2.83984 11.8125 0.113281 0.09375
2.95312 11.8125 0.113281 0.09375
3.06641 11.8125 0.113281 0.09375
3.17969 11.8125 0.113281 0.09375
3.29297 11.8125 0.113281 0.09375
3.40625 11.8125 0.113281 0.09375
3.51953 11.8125 0.113281 0.09375
3.63281 11.8125 0.113281 0.09375
3.74609 11.8125 0.113281 0.09375
3.85938 11.8125 0.113281 0.09375
3.97266 11.8125 0.113281 0.09375
4.08594 11.8125 0.113281 0.09375
4.19922 11.8125 0.113281 0.09375
4.99219 10.875 0.113281 0.09375
5.10547 10.875 0.113281 0.09375
4.3125 11.8125 0.113281 0.09375
4.42578 11.8125 0.113281 0.09375
4.53906 11.8125 0.113281 0.09375
4.65234 11.8125 0.113281 0.09375
4.76562 11.8125 0.113281 0.09375
4.87891 11.8125 0.113281 0.09375
5.21875 10.875 0.113281 0.09375
5.33203 10.875 0.113281 0.09375
5.44531 10.875 0.113281 0.09375
5.55859 10.875 0.113281 0.09375
5.67188 10.875 0.113281 0.09375
5.78516 10.875 0.113281 0.09375
5.89844 10.875 0.113281 0.09375
6.01172 10.875 0.113281 0.09375
9.07031 7.03125 0.113281 0.09375
9.18359 7.03125 0.113281 0.09375
9.29688 7.03125 0.113281 0.09375
9.41016 7.03125 0.113281 0.09375
9.52344 7.03125 0.113281 0.09375
9.63672 7.03125 0.113281 0.09375
7.9375 8.8125 0.113281 0.09375
8.05078 8.8125 0.113281 0.09375
8.16406 8.8125 0.113281 0.09375
8.27734 8.8125 0.113281 0.09375
8.39062 8.8125 0.113281 0.09375
8.50391 8.8125 0.113281 0.09375
8.61719 8.8125 0.113281 0.09375
8.73047 8.8125 0.113281 0.09375
9.07031 7.875 0.113281 0.09375
9.18359 7.875 0.113281 0.09375
9.29688 7.875 0.113281 0.09375
9.41016 7.875 0.113281 0.09375
9.52344 7.875 0.113281 0.09375
9.63672 7.875 0.113281 0.09375
8.84375 8.8125 0.113281 0.09375
6.125 10.875 0.113281 0.09375
6.23828 10.875 0.113281 0.09375
6.35156 10.875 0.113281 0.09375
6.46484 10.875 0.113281 0.09375
6.57812 10.875 0.113281 0.09375
6.69141 10.875 0.113281 0.09375
6.80469 10.875 0.113281 0.09375
9.75 7.03125 0.113281 0.09375
9.86328 7.03125 0.113281 0.09375
9.75 7.875 0.113281 0.09375
9.86328 7.875 0.113281 0.09375
-4.07031 7.03125 0.0566406 0.09375
-4.07031 7.125 0.0566406 0.09375
-4.07031 7.21875 0.0566406 0.09375
-4.07031 7.3125 0.0566406 0.09375
-4.07031 7.40625 0.0566406 0.09375
-4.07031 7.5 0.0566406 0.09375
-4.07031 7.59375 0.0566406 0.09375
-4.07031 7.6875 0.0566406 0.09375
-4.07031 7.78125 0.0566406 0.09375
-4.07031 7.875 0.0566406 0.09375
-2.99414 8.90625 0.0566406 0.09375
-2.99414 9 0.0566406 0.09375
-2.99414 9.09375 0.0566406 0.09375
-2.99414 9.1875 0.0566406 0.09375
-2.99414 9.28125 0.0566406 0.09375
-2.99414 9.375 0.0566406 0.09375
-2.99414 9.46875 0.0566406 0.09375
-2.99414 9.5625 0.0566406 0.09375
-2.99414 9.65625 0.0566406 0.09375
-2.99414 9.75 0.0566406 0.09375
-2.99414 9.84375 0.0566406 0.09375
-1.97461 9.9375 0.0566406 0.09375
-1.97461 10.0312 0.0566406 0.09375
-1.97461 10.125 0.0566406 0.09375
-1.97461 10.2188 0.0566406 0.09375
-1.97461 10.3125 0.0566406 0.09375
-1.97461 10.4062 0.0566406 0.09375
-1.97461 10.5 0.0566406 0.09375
-1.97461 10.5938 0.0566406 0.09375
-1.97461 10.6875 0.0566406 0.09375
-1.97461 10.7812 0.0566406 0.09375
-1.97461 10.875 0.0566406 0.09375
9.01367 7.03125 0.0566406 0.09375
9.01367 7.125 0.0566406 0.09375
9.01367 7.21875 0.0566406 0.09375
9.01367 7.3125 0.0566406 0.09375
9.01367 7.40625 0.0566406 0.09375
7.9375 8.90625 0.0566406 0.09375
9.01367 7.5 0.0566406 0.09375
9.01367 7.59375 0.0566406 0.09375
9.01367 7.6875 0.0566406 0.09375
9.01367 7.78125 0.0566406 0.09375
9.01367 7.875 0.0566406 0.09375
6.91797 9.9375 0.0566406 0.09375
6.91797 10.0312 0.0566406 0.09375
6.91797 10.125 0.0566406 0.09375
6.91797 10.2188 0.0566406 0.09375
6.91797 10.3125 0.0566406 0.09375
6.91797 10.4062 0.0566406 0.09375
6.91797 10.5 0.0566406 0.09375
6.91797 10.5938 0.0566406 0.09375
6.91797 10.6875 0.0566406 0.09375
6.91797 10.7812 0.0566406 0.09375
6.91797 10.875 0.0566406 0.09375
7.9375 9 0.0566406 0.09375
7.9375 9.09375 0.0566406 0.09375
7.9375 9.1875 0.0566406 0.09375
7.9375 9.28125 0.0566406 0.09375
7.9375 9.375 0.0566406 0.09375
7.9375 9.46875 0.0566406 0.09375
7.9375 9.5625 0.0566406 0.09375
7.9375 9.65625 0.0566406 0.09375
7.9375 9.75 0.0566406 0.09375
7.9375 9.84375 0.0566406 0.09375
