-36 18 9.625 18
31.375 18 9.625 18
-36 0 4.8125 9
-36 9 4.8125 9
-26.375 27 4.8125 9
36.1875 0 4.8125 9
36.1875 9 4.8125 9
26.5625 27 4.8125 9
-21.5625 31.5 4.8125 4.5
-2.3125 0 4.8125 4.5
2.5 0 4.8125 4.5
21.75 31.5 4.8125 4.5
-31.1875 13.5 2.40625 4.5
-26.375 22.5 2.40625 4.5
-21.5625 27 2.40625 4.5
-4.71875 0 2.40625 4.5
-16.75 31.5 2.40625 4.5
7.3125 0 2.40625 4.5
19.3438 31.5 2.40625 4.5
33.7813 13.5 2.40625 4.5
28.9688 22.5 2.40625 4.5
24.1563 27 2.40625 4.5
-23.9688 24.75 2.40625 2.25
-19.1563 29.25 2.40625 2.25
-7.125 0 2.40625 2.25
-2.3125 4.5 2.40625 2.25
0.09375 4.5 2.40625 2.25
-14.3438 33.75 2.40625 2.25
-11.9375 33.75 2.40625 2.25
2.5 4.5 2.40625 2.25
4.90625 4.5 2.40625 2.25
9.71875 0 2.40625 2.25
14.5313 33.75 2.40625 2.25
16.9375 33.75 2.40625 2.25
26.5625 24.75 2.40625 2.25
21.75 29.25 2.40625 2.25
-31.1875 9 1.20313 2.25
-31.1875 11.25 1.20313 2.25
-28.7813 15.75 1.20313 2.25
-26.375 20.25 1.20313 2.25
-5.92188 2.25 1.20313 2.25
-3.51563 4.5 1.20313 2.25
-14.3438 31.5 1.20313 2.25
-9.53125 33.75 1.20313 2.25
9.71875 2.25 1.20313 2.25
7.3125 4.5 1.20313 2.25
13.3281 33.75 1.20313 2.25
18.1406 31.5 1.20313 2.25
34.9844 9 1.20313 2.25
34.9844 11.25 1.20313 2.25
32.5781 15.75 1.20313 2.25
30.1719 20.25 1.20313 2.25
-25.1719 21.375 1.20313 1.125
-23.9688 23.625 1.20313 1.125
-21.5625 25.875 1.20313 1.125
-19.1563 28.125 1.20313 1.125
-7.125 2.25 1.20313 1.125
-4.71875 4.5 1.20313 1.125
-1.10938 6.75 1.20313 1.125
0.09375 6.75 1.20313 1.125
-16.75 30.375 1.20313 1.125
-15.5469 30.375 1.20313 1.125
-13.1406 32.625 1.20313 1.125
-11.9375 32.625 1.20313 1.125
-8.32813 34.875 1.20313 1.125
-7.125 34.875 1.20313 1.125
-5.92188 34.875 1.20313 1.125
3.70313 6.75 1.20313 1.125
4.90625 6.75 1.20313 1.125
10.9219 2.25 1.20313 1.125
8.51563 4.5 1.20313 1.125
9.71875 34.875 1.20313 1.125
10.9219 34.875 1.20313 1.125
12.125 34.875 1.20313 1.125
15.7344 32.625 1.20313 1.125
19.3438 30.375 1.20313 1.125
20.5469 30.375 1.20313 1.125
16.9375 32.625 1.20313 1.125
25.3594 25.875 1.20313 1.125
28.9688 21.375 1.20313 1.125
27.7656 23.625 1.20313 1.125
22.9531 28.125 1.20313 1.125
-31.1875 5.625 0.601563 1.125
-31.1875 6.75 0.601563 1.125
-31.1875 7.875 0.601563 1.125
-29.9844 11.25 0.601563 1.125
-29.9844 12.375 0.601563 1.125
-28.7813 14.625 0.601563 1.125
-27.5781 16.875 0.601563 1.125
-26.375 19.125 0.601563 1.125
-23.9688 22.5 0.601563 1.125
-22.7656 23.625 0.601563 1.125
-7.72656 0 0.601563 1.125
-6.52344 3.375 0.601563 1.125
-5.32031 4.5 0.601563 1.125
-4.11719 5.625 0.601563 1.125
-16.75 29.25 0.601563 1.125
-13.1406 31.5 0.601563 1.125
-8.32813 33.75 0.601563 1.125
-4.71875 34.875 0.601563 1.125
10.9219 3.375 0.601563 1.125
8.51563 5.625 0.601563 1.125
9.71875 4.5 0.601563 1.125
12.125 0 0.601563 1.125
9.11719 34.875 0.601563 1.125
12.7266 33.75 0.601563 1.125
21.1484 29.25 0.601563 1.125
17.5391 31.5 0.601563 1.125
35.5859 5.625 0.601563 1.125
35.5859 6.75 0.601563 1.125
35.5859 7.875 0.601563 1.125
34.3828 11.25 0.601563 1.125
34.3828 12.375 0.601563 1.125
33.1797 14.625 0.601563 1.125
31.9766 16.875 0.601563 1.125
30.7734 19.125 0.601563 1.125
27.1641 23.625 0.601563 1.125
28.3672 22.5 0.601563 1.125
-29.9844 10.6875 0.601563 0.5625
-29.3828 12.9375 0.601563 0.5625
-28.7813 14.0625 0.601563 0.5625
-25.7734 19.6875 0.601563 0.5625
-25.1719 20.8125 0.601563 0.5625
-23.3672 23.0625 0.601563 0.5625
-21.5625 25.3125 0.601563 0.5625
-20.3594 26.4375 0.601563 0.5625
-19.1563 27.5625 0.601563 0.5625
-17.9531 28.6875 0.601563 0.5625
-17.3516 28.6875 0.601563 0.5625
-7.72656 1.125 0.601563 0.5625
-5.92188 4.5 0.601563 0.5625
-4.71875 5.625 0.601563 0.5625
-2.91406 6.75 0.601563 0.5625
-2.3125 6.75 0.601563 0.5625
-1.71094 6.75 0.601563 0.5625
1.29688 6.75 0.601563 0.5625
1.89844 6.75 0.601563 0.5625
-16.1484 29.8125 0.601563 0.5625
-14.3438 30.9375 0.601563 0.5625
-12.5391 32.0625 0.601563 0.5625
-10.7344 33.1875 0.601563 0.5625
-10.1328 33.1875 0.601563 0.5625
-7.72656 34.3125 0.601563 0.5625
-7.125 34.3125 0.601563 0.5625
-6.52344 34.3125 0.601563 0.5625
-4.11719 35.4375 0.601563 0.5625
-3.51563 35.4375 0.601563 0.5625
-2.91406 35.4375 0.601563 0.5625
-2.3125 35.4375 0.601563 0.5625
2.5 6.75 0.601563 0.5625
3.10156 6.75 0.601563 0.5625
6.10938 6.75 0.601563 0.5625
6.71094 6.75 0.601563 0.5625
9.11719 5.625 0.601563 0.5625
7.3125 6.75 0.601563 0.5625
10.3203 4.5 0.601563 0.5625
12.125 1.125 0.601563 0.5625
6.71094 35.4375 0.601563 0.5625
7.3125 35.4375 0.601563 0.5625
7.91406 35.4375 0.601563 0.5625
8.51563 35.4375 0.601563 0.5625
10.9219 34.3125 0.601563 0.5625
11.5234 34.3125 0.601563 0.5625
12.125 34.3125 0.601563 0.5625
14.5313 33.1875 0.601563 0.5625
15.1328 33.1875 0.601563 0.5625
18.7422 30.9375 0.601563 0.5625
20.5469 29.8125 0.601563 0.5625
16.9375 32.0625 0.601563 0.5625
34.3828 10.6875 0.601563 0.5625
33.7813 12.9375 0.601563 0.5625
33.1797 14.0625 0.601563 0.5625
24.7578 26.4375 0.601563 0.5625
25.9609 25.3125 0.601563 0.5625
30.1719 19.6875 0.601563 0.5625
29.5703 20.8125 0.601563 0.5625
27.7656 23.0625 0.601563 0.5625
21.75 28.6875 0.601563 0.5625
22.3516 28.6875 0.601563 0.5625
23.5547 27.5625 0.601563 0.5625
-31.1875 3.375 0.300781 0.5625
-31.1875 3.9375 0.300781 0.5625
-31.1875 4.5 0.300781 0.5625
-31.1875 5.0625 0.300781 0.5625
-30.5859 7.3125 0.300781 0.5625
-30.5859 7.875 0.300781 0.5625
-30.5859 8.4375 0.300781 0.5625
-29.9844 10.125 0.300781 0.5625
-29.3828 11.8125 0.300781 0.5625
-29.3828 12.375 0.300781 0.5625
-28.7813 13.5 0.300781 0.5625
-28.1797 15.1875 0.300781 0.5625
-27.5781 16.3125 0.300781 0.5625
-26.9766 17.4375 0.300781 0.5625
-26.375 18.5625 0.300781 0.5625
-25.1719 20.25 0.300781 0.5625
-23.9688 21.9375 0.300781 0.5625
-22.1641 24.1875 0.300781 0.5625
-21.5625 24.75 0.300781 0.5625
-20.9609 25.3125 0.300781 0.5625
-20.3594 25.875 0.300781 0.5625
-19.7578 26.4375 0.300781 0.5625
-19.1563 27 0.300781 0.5625
-18.5547 27.5625 0.300781 0.5625
-17.9531 28.125 0.300781 0.5625
-7.42578 1.6875 0.300781 0.5625
-7.42578 2.25 0.300781 0.5625
-6.82422 3.375 0.300781 0.5625
-5.62109 5.0625 0.300781 0.5625
-5.01953 5.625 0.300781 0.5625
-3.21484 6.75 0.300781 0.5625
-15.5469 29.8125 0.300781 0.5625
-13.7422 30.9375 0.300781 0.5625
-11.9375 32.0625 0.300781 0.5625
-10.7344 32.625 0.300781 0.5625
-9.53125 33.1875 0.300781 0.5625
-1.71094 35.4375 0.300781 0.5625
11.5234 3.375 0.300781 0.5625
7.91406 6.75 0.300781 0.5625
10.3203 5.0625 0.300781 0.5625
9.71875 5.625 0.300781 0.5625
12.125 1.6875 0.300781 0.5625
12.125 2.25 0.300781 0.5625
6.41016 35.4375 0.300781 0.5625
14.2305 33.1875 0.300781 0.5625
15.4336 32.625 0.300781 0.5625
16.6367 32.0625 0.300781 0.5625
18.4414 30.9375 0.300781 0.5625
20.2461 29.8125 0.300781 0.5625
35.8867 3.375 0.300781 0.5625
35.8867 3.9375 0.300781 0.5625
35.8867 4.5 0.300781 0.5625
35.8867 5.0625 0.300781 0.5625
35.2852 7.3125 0.300781 0.5625
35.2852 7.875 0.300781 0.5625
35.2852 8.4375 0.300781 0.5625
34.6836 10.125 0.300781 0.5625
34.082 11.8125 0.300781 0.5625
34.082 12.375 0.300781 0.5625
33.4805 13.5 0.300781 0.5625
32.8789 15.1875 0.300781 0.5625
32.2773 16.3125 0.300781 0.5625
31.6758 17.4375 0.300781 0.5625
24.457 26.4375 0.300781 0.5625
25.0586 25.875 0.300781 0.5625
25.6602 25.3125 0.300781 0.5625
26.2617 24.75 0.300781 0.5625
28.668 21.9375 0.300781 0.5625
31.0742 18.5625 0.300781 0.5625
29.8711 20.25 0.300781 0.5625
26.8633 24.1875 0.300781 0.5625
22.6523 28.125 0.300781 0.5625
23.2539 27.5625 0.300781 0.5625
23.8555 27 0.300781 0.5625
-31.1875 3.09375 0.300781 0.28125
-30.2852 8.71875 0.300781 0.28125
-29.9844 9.84375 0.300781 0.28125
-29.082 12.6563 0.300781 0.28125
-28.1797 14.9063 0.300781 0.28125
-27.8789 15.4688 0.300781 0.28125
-27.5781 16.0313 0.300781 0.28125
-27.2773 16.5938 0.300781 0.28125
-26.9766 17.1563 0.300781 0.28125
-26.6758 17.7188 0.300781 0.28125
-26.375 18.2813 0.300781 0.28125
-26.0742 18.8438 0.300781 0.28125
-25.7734 19.4063 0.300781 0.28125
-24.5703 21.0938 0.300781 0.28125
-23.668 22.2188 0.300781 0.28125
-23.3672 22.7813 0.300781 0.28125
-22.7656 23.3438 0.300781 0.28125
-21.8633 24.4688 0.300781 0.28125
-21.2617 25.0313 0.300781 0.28125
-20.6602 25.5938 0.300781 0.28125
-20.0586 26.1563 0.300781 0.28125
-19.457 26.7188 0.300781 0.28125
-18.8555 27.2813 0.300781 0.28125
-18.2539 27.8438 0.300781 0.28125
-17.6523 28.4063 0.300781 0.28125
-7.72656 1.6875 0.300781 0.28125
-6.22266 4.5 0.300781 0.28125
-5.92188 5.0625 0.300781 0.28125
-5.32031 5.625 0.300781 0.28125
-4.41797 6.1875 0.300781 0.28125
-3.51563 6.75 0.300781 0.28125
-2.3125 7.3125 0.300781 0.28125
-2.01172 7.3125 0.300781 0.28125
-1.71094 7.3125 0.300781 0.28125
-1.41016 7.3125 0.300781 0.28125
1.29688 7.3125 0.300781 0.28125
1.59766 7.3125 0.300781 0.28125
1.89844 7.3125 0.300781 0.28125
2.19922 7.3125 0.300781 0.28125
-16.75 28.9688 0.300781 0.28125
-16.1484 29.5313 0.300781 0.28125
-15.2461 30.0938 0.300781 0.28125
-14.3438 30.6563 0.300781 0.28125
-13.4414 31.2188 0.300781 0.28125
-12.5391 31.7813 0.300781 0.28125
-12.2383 31.7813 0.300781 0.28125
-11.6367 32.3438 0.300781 0.28125
-11.3359 32.3438 0.300781 0.28125
-10.4336 32.9063 0.300781 0.28125
-10.1328 32.9063 0.300781 0.28125
-9.23047 33.4688 0.300781 0.28125
-8.92969 33.4688 0.300781 0.28125
-8.62891 33.4688 0.300781 0.28125
-7.72656 34.0313 0.300781 0.28125
-7.42578 34.0313 0.300781 0.28125
-7.125 34.0313 0.300781 0.28125
-5.92188 34.5938 0.300781 0.28125
-5.62109 34.5938 0.300781 0.28125
-5.32031 34.5938 0.300781 0.28125
-4.11719 35.1563 0.300781 0.28125
-3.81641 35.1563 0.300781 0.28125
-3.51563 35.1563 0.300781 0.28125
-3.21484 35.1563 0.300781 0.28125
-1.41016 35.7188 0.300781 0.28125
-1.10938 35.7188 0.300781 0.28125
-0.808594 35.7188 0.300781 0.28125
-0.507813 35.7188 0.300781 0.28125
-0.207031 35.7188 0.300781 0.28125
0.09375 35.7188 0.300781 0.28125
2.5 7.3125 0.300781 0.28125
2.80078 7.3125 0.300781 0.28125
3.10156 7.3125 0.300781 0.28125
3.40234 7.3125 0.300781 0.28125
6.10938 7.3125 0.300781 0.28125
6.41016 7.3125 0.300781 0.28125
6.71094 7.3125 0.300781 0.28125
7.01172 7.3125 0.300781 0.28125
9.11719 6.1875 0.300781 0.28125
8.21484 6.75 0.300781 0.28125
10.6211 5.0625 0.300781 0.28125
10.0195 5.625 0.300781 0.28125
10.9219 4.5 0.300781 0.28125
12.4258 1.6875 0.300781 0.28125
4.60547 35.7188 0.300781 0.28125
4.90625 35.7188 0.300781 0.28125
5.20703 35.7188 0.300781 0.28125
5.50781 35.7188 0.300781 0.28125
5.80859 35.7188 0.300781 0.28125
6.10938 35.7188 0.300781 0.28125
7.91406 35.1563 0.300781 0.28125
8.21484 35.1563 0.300781 0.28125
8.51563 35.1563 0.300781 0.28125
8.81641 35.1563 0.300781 0.28125
10.0195 34.5938 0.300781 0.28125
10.3203 34.5938 0.300781 0.28125
10.6211 34.5938 0.300781 0.28125
11.8242 34.0313 0.300781 0.28125
13.3281 33.4688 0.300781 0.28125
13.6289 33.4688 0.300781 0.28125
13.9297 33.4688 0.300781 0.28125
12.125 34.0313 0.300781 0.28125
12.4258 34.0313 0.300781 0.28125
14.832 32.9063 0.300781 0.28125
15.1328 32.9063 0.300781 0.28125
16.0352 32.3438 0.300781 0.28125
16.3359 32.3438 0.300781 0.28125
18.1406 31.2188 0.300781 0.28125
19.043 30.6563 0.300781 0.28125
21.4492 28.9688 0.300781 0.28125
19.9453 30.0938 0.300781 0.28125
20.8477 29.5313 0.300781 0.28125
16.9375 31.7813 0.300781 0.28125
17.2383 31.7813 0.300781 0.28125
35.8867 3.09375 0.300781 0.28125
34.9844 8.71875 0.300781 0.28125
34.6836 9.84375 0.300781 0.28125
33.7813 12.6563 0.300781 0.28125
32.8789 14.9063 0.300781 0.28125
32.5781 15.4688 0.300781 0.28125
32.2773 16.0313 0.300781 0.28125
31.9766 16.5938 0.300781 0.28125
31.6758 17.1563 0.300781 0.28125
31.375 17.7188 0.300781 0.28125
24.1563 26.7188 0.300781 0.28125
24.7578 26.1563 0.300781 0.28125
25.3594 25.5938 0.300781 0.28125
25.9609 25.0313 0.300781 0.28125
28.3672 22.2188 0.300781 0.28125
31.0742 18.2813 0.300781 0.28125
30.7734 18.8438 0.300781 0.28125
30.4727 19.4063 0.300781 0.28125
29.2695 21.0938 0.300781 0.28125
27.4648 23.3438 0.300781 0.28125
26.5625 24.4688 0.300781 0.28125
28.0664 22.7813 0.300781 0.28125
22.3516 28.4063 0.300781 0.28125
22.9531 27.8438 0.300781 0.28125
23.5547 27.2813 0.300781 0.28125
-31.1875 0 0.150391 0.28125
-31.1875 0.28125 0.150391 0.28125
-31.1875 0.5625 0.150391 0.28125
-31.1875 0.84375 0.150391 0.28125
-31.1875 1.125 0.150391 0.28125
-31.1875 1.40625 0.150391 0.28125
-31.1875 1.6875 0.150391 0.28125
-31.1875 1.96875 0.150391 0.28125
-31.1875 2.25 0.150391 0.28125
-31.1875 2.53125 0.150391 0.28125
-31.1875 2.8125 0.150391 0.28125
-30.8867 4.5 0.150391 0.28125
-30.8867 4.78125 0.150391 0.28125
-30.8867 5.0625 0.150391 0.28125
-30.8867 5.34375 0.150391 0.28125
-30.5859 6.46875 0.150391 0.28125
-30.5859 6.75 0.150391 0.28125
-30.5859 7.03125 0.150391 0.28125
-30.2852 7.875 0.150391 0.28125
-30.2852 8.15625 0.150391 0.28125
-30.2852 8.4375 0.150391 0.28125
-29.9844 9.28125 0.150391 0.28125
-29.9844 9.5625 0.150391 0.28125
-29.6836 10.4063 0.150391 0.28125
-29.3828 11.25 0.150391 0.28125
-29.3828 11.5313 0.150391 0.28125
-29.082 12.0938 0.150391 0.28125
-29.082 12.375 0.150391 0.28125
-28.7813 12.9375 0.150391 0.28125
-28.7813 13.2188 0.150391 0.28125
-28.4805 13.7813 0.150391 0.28125
-28.1797 14.3438 0.150391 0.28125
-28.1797 14.625 0.150391 0.28125
-27.8789 15.1875 0.150391 0.28125
-27.5781 15.75 0.150391 0.28125
-27.2773 16.3125 0.150391 0.28125
-26.9766 16.875 0.150391 0.28125
-26.6758 17.4375 0.150391 0.28125
-26.375 18 0.150391 0.28125
-26.0742 18.5625 0.150391 0.28125
-25.7734 19.125 0.150391 0.28125
-25.4727 19.4063 0.150391 0.28125
-25.1719 19.9688 0.150391 0.28125
-24.8711 20.5313 0.150391 0.28125
-24.5703 20.8125 0.150391 0.28125
-23.9688 21.6563 0.150391 0.28125
-23.3672 22.5 0.150391 0.28125
-23.0664 22.7813 0.150391 0.28125
-22.1641 23.9063 0.150391 0.28125
-21.8633 24.1875 0.150391 0.28125
-21.5625 24.4688 0.150391 0.28125
-17.6523 28.125 0.150391 0.28125
-17.3516 28.4063 0.150391 0.28125
-7.87695 0 0.150391 0.28125
-7.87695 0.28125 0.150391 0.28125
-7.87695 0.5625 0.150391 0.28125
-7.87695 0.84375 0.150391 0.28125
-7.57617 1.96875 0.150391 0.28125
-7.57617 2.25 0.150391 0.28125
-7.27539 2.8125 0.150391 0.28125
-6.97461 3.375 0.150391 0.28125
-6.67383 3.9375 0.150391 0.28125
-6.37305 4.5 0.150391 0.28125
-6.07227 4.78125 0.150391 0.28125
-4.56836 6.1875 0.150391 0.28125
-4.26758 6.46875 0.150391 0.28125
-3.66602 6.75 0.150391 0.28125
-2.46289 7.3125 0.150391 0.28125
-1.25977 7.59375 0.150391 0.28125
-16.1484 29.25 0.150391 0.28125
-15.8477 29.5313 0.150391 0.28125
-14.9453 30.0938 0.150391 0.28125
-14.043 30.6563 0.150391 0.28125
-13.1406 31.2188 0.150391 0.28125
-11.6367 32.0625 0.150391 0.28125
-11.0352 32.3438 0.150391 0.28125
-10.4336 32.625 0.150391 0.28125
-9.83203 32.9063 0.150391 0.28125
-9.23047 33.1875 0.150391 0.28125
-7.72656 33.75 0.150391 0.28125
-4.11719 34.875 0.150391 0.28125
-2.91406 35.1563 0.150391 0.28125
6.10938 7.59375 0.150391 0.28125
11.8242 3.375 0.150391 0.28125
11.5234 3.9375 0.150391 0.28125
9.11719 6.46875 0.150391 0.28125
9.41797 6.1875 0.150391 0.28125
7.3125 7.3125 0.150391 0.28125
8.51563 6.75 0.150391 0.28125
10.9219 4.78125 0.150391 0.28125
11.2227 4.5 0.150391 0.28125
12.7266 0 0.150391 0.28125
12.7266 0.28125 0.150391 0.28125
12.7266 0.5625 0.150391 0.28125
12.7266 0.84375 0.150391 0.28125
12.4258 1.96875 0.150391 0.28125
12.4258 2.25 0.150391 0.28125
12.125 2.8125 0.150391 0.28125
7.76367 35.1563 0.150391 0.28125
8.9668 34.875 0.150391 0.28125
14.0801 33.1875 0.150391 0.28125
12.5762 33.75 0.150391 0.28125
14.6816 32.9063 0.150391 0.28125
15.2832 32.625 0.150391 0.28125
15.8848 32.3438 0.150391 0.28125
16.4863 32.0625 0.150391 0.28125
17.9902 31.2188 0.150391 0.28125
18.8926 30.6563 0.150391 0.28125
19.7949 30.0938 0.150391 0.28125
20.6973 29.5313 0.150391 0.28125
20.998 29.25 0.150391 0.28125
36.0371 0 0.150391 0.28125
36.0371 0.28125 0.150391 0.28125
36.0371 0.5625 0.150391 0.28125
36.0371 0.84375 0.150391 0.28125
36.0371 1.125 0.150391 0.28125
36.0371 1.40625 0.150391 0.28125
36.0371 1.6875 0.150391 0.28125
36.0371 1.96875 0.150391 0.28125
36.0371 2.25 0.150391 0.28125
36.0371 2.53125 0.150391 0.28125
36.0371 2.8125 0.150391 0.28125
35.7363 4.5 0.150391 0.28125
35.7363 4.78125 0.150391 0.28125
35.7363 5.0625 0.150391 0.28125
35.7363 5.34375 0.150391 0.28125
35.4355 6.46875 0.150391 0.28125
35.4355 6.75 0.150391 0.28125
35.4355 7.03125 0.150391 0.28125
35.1348 7.875 0.150391 0.28125
35.1348 8.15625 0.150391 0.28125
35.1348 8.4375 0.150391 0.28125
33.6309 12.9375 0.150391 0.28125
33.6309 13.2188 0.150391 0.28125
34.834 9.28125 0.150391 0.28125
34.834 9.5625 0.150391 0.28125
34.5332 10.4063 0.150391 0.28125
34.2324 11.25 0.150391 0.28125
34.2324 11.5313 0.150391 0.28125
33.9316 12.0938 0.150391 0.28125
33.9316 12.375 0.150391 0.28125
33.0293 14.3438 0.150391 0.28125
33.3301 13.7813 0.150391 0.28125
33.0293 14.625 0.150391 0.28125
32.7285 15.1875 0.150391 0.28125
32.4277 15.75 0.150391 0.28125
32.127 16.3125 0.150391 0.28125
31.8262 16.875 0.150391 0.28125
31.5254 17.4375 0.150391 0.28125
26.4121 24.4688 0.150391 0.28125
28.8184 21.6563 0.150391 0.28125
30.0215 19.9688 0.150391 0.28125
31.2246 18 0.150391 0.28125
30.9238 18.5625 0.150391 0.28125
30.3223 19.4063 0.150391 0.28125
30.623 19.125 0.150391 0.28125
29.4199 20.8125 0.150391 0.28125
29.7207 20.5313 0.150391 0.28125
27.0137 23.9063 0.150391 0.28125
26.7129 24.1875 0.150391 0.28125
27.916 22.7813 0.150391 0.28125
28.2168 22.5 0.150391 0.28125
22.2012 28.4063 0.150391 0.28125
22.502 28.125 0.150391 0.28125
