-31.0371 0 0.150391 0.140625
-31.0371 0.140625 0.150391 0.140625
-31.0371 0.28125 0.150391 0.140625
-31.0371 0.421875 0.150391 0.140625
-31.0371 0.5625 0.150391 0.140625
-31.0371 0.703125 0.150391 0.140625
-31.0371 0.84375 0.150391 0.140625
-31.0371 0.984375 0.150391 0.140625
-31.0371 1.125 0.150391 0.140625
-31.0371 1.26563 0.150391 0.140625
-31.0371 1.40625 0.150391 0.140625
-31.0371 1.54688 0.150391 0.140625
-31.0371 1.6875 0.150391 0.140625
-31.0371 1.82813 0.150391 0.140625
-31.0371 1.96875 0.150391 0.140625
-31.0371 2.10938 0.150391 0.140625
-31.0371 2.25 0.150391 0.140625
-31.0371 2.39063 0.150391 0.140625
-31.0371 2.53125 0.150391 0.140625
-31.0371 2.67188 0.150391 0.140625
-31.0371 2.8125 0.150391 0.140625
-31.0371 2.95313 0.150391 0.140625
-30.8867 2.8125 0.150391 0.140625
-30.8867 2.95313 0.150391 0.140625
-30.8867 3.09375 0.150391 0.140625
-30.8867 3.23438 0.150391 0.140625
-30.8867 3.375 0.150391 0.140625
-30.8867 3.51563 0.150391 0.140625
-30.8867 3.65625 0.150391 0.140625
-30.8867 3.79688 0.150391 0.140625
-30.8867 3.9375 0.150391 0.140625
-30.8867 4.07813 0.150391 0.140625
-30.8867 4.21875 0.150391 0.140625
-30.8867 4.35938 0.150391 0.140625
-30.7363 4.21875 0.150391 0.140625
-30.7363 4.35938 0.150391 0.140625
-30.7363 4.5 0.150391 0.140625
-30.7363 4.64063 0.150391 0.140625
-30.7363 4.78125 0.150391 0.140625
-30.7363 4.92188 0.150391 0.140625
-30.7363 5.0625 0.150391 0.140625
-30.7363 5.20313 0.150391 0.140625
-30.7363 5.34375 0.150391 0.140625
-30.7363 5.48438 0.150391 0.140625
-30.5859 5.34375 0.150391 0.140625
-30.5859 5.48438 0.150391 0.140625
-30.5859 5.625 0.150391 0.140625
-30.5859 5.76563 0.150391 0.140625
-30.5859 5.90625 0.150391 0.140625
-30.5859 6.04688 0.150391 0.140625
-30.5859 6.1875 0.150391 0.140625
-30.5859 6.32813 0.150391 0.140625
-30.4355 6.1875 0.150391 0.140625
-30.4355 6.32813 0.150391 0.140625
-30.4355 6.46875 0.150391 0.140625
-30.4355 6.60938 0.150391 0.140625
-30.4355 6.75 0.150391 0.140625
-30.4355 6.89063 0.150391 0.140625
-30.4355 7.03125 0.150391 0.140625
-30.4355 7.17188 0.150391 0.140625
-30.2852 7.03125 0.150391 0.140625
-30.2852 7.17188 0.150391 0.140625
-30.2852 7.3125 0.150391 0.140625
-30.2852 7.45313 0.150391 0.140625
-30.2852 7.59375 0.150391 0.140625
-30.2852 7.73438 0.150391 0.140625
-30.1348 7.59375 0.150391 0.140625
-30.1348 7.73438 0.150391 0.140625
-30.1348 7.875 0.150391 0.140625
-30.1348 8.01563 0.150391 0.140625
-30.1348 8.15625 0.150391 0.140625
-30.1348 8.29688 0.150391 0.140625
-30.1348 8.4375 0.150391 0.140625
-30.1348 8.57813 0.150391 0.140625
-29.9844 8.4375 0.150391 0.140625
-29.9844 8.57813 0.150391 0.140625
-29.9844 8.71875 0.150391 0.140625
-29.9844 8.85938 0.150391 0.140625
-29.9844 9 0.150391 0.140625
-29.9844 9.14063 0.150391 0.140625
-29.834 9 0.150391 0.140625
-29.834 9.14063 0.150391 0.140625
-29.834 9.28125 0.150391 0.140625
-29.834 9.42188 0.150391 0.140625
-29.834 9.5625 0.150391 0.140625
-29.834 9.70313 0.150391 0.140625
-29.6836 9.5625 0.150391 0.140625
-29.6836 9.70313 0.150391 0.140625
-29.6836 9.84375 0.150391 0.140625
-29.6836 9.98438 0.150391 0.140625
-29.6836 10.125 0.150391 0.140625
-29.6836 10.2656 0.150391 0.140625
-29.5332 10.125 0.150391 0.140625
-29.5332 10.2656 0.150391 0.140625
-29.5332 10.4063 0.150391 0.140625
-29.5332 10.5469 0.150391 0.140625
-29.3828 10.4063 0.150391 0.140625
-29.3828 10.5469 0.150391 0.140625
-29.3828 10.6875 0.150391 0.140625
-29.3828 10.8281 0.150391 0.140625
-29.3828 10.9688 0.150391 0.140625
-29.3828 11.1094 0.150391 0.140625
-29.2324 10.9688 0.150391 0.140625
-29.2324 11.1094 0.150391 0.140625
-29.2324 11.25 0.150391 0.140625
-29.2324 11.3906 0.150391 0.140625
-29.2324 11.5313 0.150391 0.140625
-29.2324 11.6719 0.150391 0.140625
-29.082 11.5313 0.150391 0.140625
-29.082 11.6719 0.150391 0.140625
-29.082 11.8125 0.150391 0.140625
-29.082 11.9531 0.150391 0.140625
-28.9316 11.8125 0.150391 0.140625
-28.9316 11.9531 0.150391 0.140625
-28.9316 12.0938 0.150391 0.140625
-28.9316 12.2344 0.150391 0.140625
-28.9316 12.375 0.150391 0.140625
-28.9316 12.5156 0.150391 0.140625
-28.7813 12.375 0.150391 0.140625
-28.7813 12.5156 0.150391 0.140625
-28.7813 12.6563 0.150391 0.140625
-28.7813 12.7969 0.150391 0.140625
-28.6309 12.6563 0.150391 0.140625
-28.6309 12.7969 0.150391 0.140625
-28.6309 12.9375 0.150391 0.140625
-28.6309 13.0781 0.150391 0.140625
-28.6309 13.2188 0.150391 0.140625
-28.6309 13.3594 0.150391 0.140625
-28.4805 13.2188 0.150391 0.140625
-28.4805 13.3594 0.150391 0.140625
-28.4805 13.5 0.150391 0.140625
-28.4805 13.6406 0.150391 0.140625
-28.3301 13.5 0.150391 0.140625
-28.3301 13.6406 0.150391 0.140625
-28.3301 13.7813 0.150391 0.140625
-28.3301 13.9219 0.150391 0.140625
-28.1797 13.7813 0.150391 0.140625
-28.1797 13.9219 0.150391 0.140625
-28.1797 14.0625 0.150391 0.140625
-28.1797 14.2031 0.150391 0.140625
-28.0293 14.0625 0.150391 0.140625
-28.0293 14.2031 0.150391 0.140625
-28.0293 14.3438 0.150391 0.140625
-28.0293 14.4844 0.150391 0.140625
-28.0293 14.625 0.150391 0.140625
-28.0293 14.7656 0.150391 0.140625
-27.8789 14.625 0.150391 0.140625
-27.8789 14.7656 0.150391 0.140625
-27.8789 14.9063 0.150391 0.140625
-27.8789 15.0469 0.150391 0.140625
-27.7285 14.9063 0.150391 0.140625
-27.7285 15.0469 0.150391 0.140625
-27.7285 15.1875 0.150391 0.140625
-27.7285 15.3281 0.150391 0.140625
-27.5781 15.1875 0.150391 0.140625
-27.5781 15.3281 0.150391 0.140625
-27.5781 15.4688 0.150391 0.140625
-27.5781 15.6094 0.150391 0.140625
-27.4277 15.4688 0.150391 0.140625
-27.4277 15.6094 0.150391 0.140625
-27.4277 15.75 0.150391 0.140625
-27.4277 15.8906 0.150391 0.140625
-27.2773 15.75 0.150391 0.140625
-27.2773 15.8906 0.150391 0.140625
-27.2773 16.0313 0.150391 0.140625
-27.2773 16.1719 0.150391 0.140625
-27.127 16.0313 0.150391 0.140625
-27.127 16.1719 0.150391 0.140625
-27.127 16.3125 0.150391 0.140625
-27.127 16.4531 0.150391 0.140625
-26.9766 16.3125 0.150391 0.140625
-26.9766 16.4531 0.150391 0.140625
-26.9766 16.5938 0.150391 0.140625
-26.9766 16.7344 0.150391 0.140625
-26.8262 16.5938 0.150391 0.140625
-26.8262 16.7344 0.150391 0.140625
-26.8262 16.875 0.150391 0.140625
-26.8262 17.0156 0.150391 0.140625
-26.6758 16.875 0.150391 0.140625
-26.6758 17.0156 0.150391 0.140625
-26.6758 17.1563 0.150391 0.140625
-26.6758 17.2969 0.150391 0.140625
-26.5254 17.1563 0.150391 0.140625
-26.5254 17.2969 0.150391 0.140625
-26.5254 17.4375 0.150391 0.140625
-26.5254 17.5781 0.150391 0.140625
-26.375 17.4375 0.150391 0.140625
-26.375 17.5781 0.150391 0.140625
-26.375 17.7188 0.150391 0.140625
-26.375 17.8594 0.150391 0.140625
-26.2246 17.7188 0.150391 0.140625
-26.2246 17.8594 0.150391 0.140625
-26.2246 18 0.150391 0.140625
-26.2246 18.1406 0.150391 0.140625
-26.0742 18 0.150391 0.140625
-26.0742 18.1406 0.150391 0.140625
-26.0742 18.2813 0.150391 0.140625
-26.0742 18.4219 0.150391 0.140625
-25.9238 18.2813 0.150391 0.140625
-25.9238 18.4219 0.150391 0.140625
-25.9238 18.5625 0.150391 0.140625
-25.9238 18.7031 0.150391 0.140625
-25.7734 18.5625 0.150391 0.140625
-25.7734 18.7031 0.150391 0.140625
-25.7734 18.8438 0.150391 0.140625
-25.7734 18.9844 0.150391 0.140625
-25.623 18.8438 0.150391 0.140625
-25.623 18.9844 0.150391 0.140625
-25.623 19.125 0.150391 0.140625
-25.623 19.2656 0.150391 0.140625
-25.4727 19.125 0.150391 0.140625
-25.4727 19.2656 0.150391 0.140625
-25.3223 19.125 0.150391 0.140625
-25.3223 19.2656 0.150391 0.140625
-25.3223 19.4063 0.150391 0.140625
-25.3223 19.5469 0.150391 0.140625
-25.1719 19.4063 0.150391 0.140625
-25.1719 19.5469 0.150391 0.140625
-25.1719 19.6875 0.150391 0.140625
-25.1719 19.8281 0.150391 0.140625
-25.0215 19.6875 0.150391 0.140625
-25.0215 19.8281 0.150391 0.140625
-25.0215 19.9688 0.150391 0.140625
-25.0215 20.1094 0.150391 0.140625
-24.8711 19.9688 0.150391 0.140625
-24.8711 20.1094 0.150391 0.140625
-24.8711 20.25 0.150391 0.140625
-24.8711 20.3906 0.150391 0.140625
-24.7207 20.25 0.150391 0.140625
-24.7207 20.3906 0.150391 0.140625
-24.7207 20.5313 0.150391 0.140625
-24.7207 20.6719 0.150391 0.140625
-24.5703 20.5313 0.150391 0.140625
-24.5703 20.6719 0.150391 0.140625
-24.4199 20.5313 0.150391 0.140625
-24.4199 20.6719 0.150391 0.140625
-24.4199 20.8125 0.150391 0.140625
-24.4199 20.9531 0.150391 0.140625
-24.2695 20.8125 0.150391 0.140625
-24.2695 20.9531 0.150391 0.140625
-24.2695 21.0938 0.150391 0.140625
-24.2695 21.2344 0.150391 0.140625
-24.1191 21.0938 0.150391 0.140625
-24.1191 21.2344 0.150391 0.140625
-23.9688 21.0938 0.150391 0.140625
-23.9688 21.2344 0.150391 0.140625
-23.9688 21.375 0.150391 0.140625
-23.9688 21.5156 0.150391 0.140625
-23.8184 21.375 0.150391 0.140625
-23.8184 21.5156 0.150391 0.140625
-23.8184 21.6563 0.150391 0.140625
-23.8184 21.7969 0.150391 0.140625
-23.668 21.6563 0.150391 0.140625
-23.668 21.7969 0.150391 0.140625
-23.668 21.9375 0.150391 0.140625
-23.668 22.0781 0.150391 0.140625
-23.5176 21.9375 0.150391 0.140625
-23.5176 22.0781 0.150391 0.140625
-23.3672 21.9375 0.150391 0.140625
-23.3672 22.0781 0.150391 0.140625
-23.3672 22.2188 0.150391 0.140625
-23.3672 22.3594 0.150391 0.140625
-23.2168 22.2188 0.150391 0.140625
-23.2168 22.3594 0.150391 0.140625
-23.2168 22.5 0.150391 0.140625
-23.2168 22.6406 0.150391 0.140625
-23.0664 22.5 0.150391 0.140625
-23.0664 22.6406 0.150391 0.140625
-22.916 22.5 0.150391 0.140625
-22.916 22.6406 0.150391 0.140625
-22.916 22.7813 0.150391 0.140625
-22.916 22.9219 0.150391 0.140625
-22.7656 22.7813 0.150391 0.140625
-22.7656 22.9219 0.150391 0.140625
-22.7656 23.0625 0.150391 0.140625
-22.7656 23.2031 0.150391 0.140625
-22.6152 23.0625 0.150391 0.140625
-22.6152 23.2031 0.150391 0.140625
-22.4648 23.0625 0.150391 0.140625
-22.4648 23.2031 0.150391 0.140625
-22.4648 23.3438 0.150391 0.140625
-22.4648 23.4844 0.150391 0.140625
-22.3145 23.3438 0.150391 0.140625
-22.3145 23.4844 0.150391 0.140625
-22.1641 23.3438 0.150391 0.140625
-22.1641 23.4844 0.150391 0.140625
-22.1641 23.625 0.150391 0.140625
-22.1641 23.7656 0.150391 0.140625
-22.0137 23.625 0.150391 0.140625
-22.0137 23.7656 0.150391 0.140625
-22.0137 23.9063 0.150391 0.140625
-22.0137 24.0469 0.150391 0.140625
-21.8633 23.9063 0.150391 0.140625
-21.8633 24.0469 0.150391 0.140625
-21.7129 23.9063 0.150391 0.140625
-21.7129 24.0469 0.150391 0.140625
-21.7129 24.1875 0.150391 0.140625
-21.7129 24.3281 0.150391 0.140625
-21.5625 24.1875 0.150391 0.140625
-21.5625 24.3281 0.150391 0.140625
-21.4121 24.1875 0.150391 0.140625
-21.4121 24.3281 0.150391 0.140625
-21.4121 24.4688 0.150391 0.140625
-21.4121 24.6094 0.150391 0.140625
-21.2617 24.4688 0.150391 0.140625
-21.2617 24.6094 0.150391 0.140625
-21.2617 24.75 0.150391 0.140625
-21.2617 24.8906 0.150391 0.140625
-21.1113 24.75 0.150391 0.140625
-21.1113 24.8906 0.150391 0.140625
-20.9609 24.75 0.150391 0.140625
-20.9609 24.8906 0.150391 0.140625
-20.9609 25.0313 0.150391 0.140625
-20.9609 25.1719 0.150391 0.140625
-20.8105 25.0313 0.150391 0.140625
-20.8105 25.1719 0.150391 0.140625
-20.6602 25.0313 0.150391 0.140625
-20.6602 25.1719 0.150391 0.140625
-20.6602 25.3125 0.150391 0.140625
-20.6602 25.4531 0.150391 0.140625
-20.5098 25.3125 0.150391 0.140625
-20.5098 25.4531 0.150391 0.140625
-20.3594 25.3125 0.150391 0.140625
-20.3594 25.4531 0.150391 0.140625
-20.3594 25.5938 0.150391 0.140625
-20.3594 25.7344 0.150391 0.140625
-20.209 25.5938 0.150391 0.140625
-20.209 25.7344 0.150391 0.140625
-20.0586 25.5938 0.150391 0.140625
-20.0586 25.7344 0.150391 0.140625
-20.0586 25.875 0.150391 0.140625
-20.0586 26.0156 0.150391 0.140625
-19.9082 25.875 0.150391 0.140625
-19.9082 26.0156 0.150391 0.140625
-19.7578 25.875 0.150391 0.140625
-19.7578 26.0156 0.150391 0.140625
-19.7578 26.1563 0.150391 0.140625
-19.7578 26.2969 0.150391 0.140625
-19.6074 26.1563 0.150391 0.140625
-19.6074 26.2969 0.150391 0.140625
-19.457 26.1563 0.150391 0.140625
-19.457 26.2969 0.150391 0.140625
-19.457 26.4375 0.150391 0.140625
-19.457 26.5781 0.150391 0.140625
-19.3066 26.4375 0.150391 0.140625
-19.3066 26.5781 0.150391 0.140625
-19.1563 26.4375 0.150391 0.140625
-19.1563 26.5781 0.150391 0.140625
-19.1563 26.7188 0.150391 0.140625
-19.1563 26.8594 0.150391 0.140625
-19.0059 26.7188 0.150391 0.140625
-19.0059 26.8594 0.150391 0.140625
-18.8555 26.7188 0.150391 0.140625
-18.8555 26.8594 0.150391 0.140625
-18.8555 27 0.150391 0.140625
-18.8555 27.1406 0.150391 0.140625
-18.7051 27 0.150391 0.140625
-18.7051 27.1406 0.150391 0.140625
-18.5547 27 0.150391 0.140625
-18.5547 27.1406 0.150391 0.140625
-18.5547 27.2813 0.150391 0.140625
-18.5547 27.4219 0.150391 0.140625
-18.4043 27.2813 0.150391 0.140625
-18.4043 27.4219 0.150391 0.140625
-18.2539 27.2813 0.150391 0.140625
-18.2539 27.4219 0.150391 0.140625
-18.2539 27.5625 0.150391 0.140625
-18.2539 27.7031 0.150391 0.140625
-18.1035 27.5625 0.150391 0.140625
-18.1035 27.7031 0.150391 0.140625
-17.9531 27.5625 0.150391 0.140625
-17.9531 27.7031 0.150391 0.140625
-17.9531 27.8438 0.150391 0.140625
-17.9531 27.9844 0.150391 0.140625
-17.8027 27.8438 0.150391 0.140625
-17.8027 27.9844 0.150391 0.140625
-17.6523 27.8438 0.150391 0.140625
-17.6523 27.9844 0.150391 0.140625
-17.502 27.8438 0.150391 0.140625
-17.502 27.9844 0.150391 0.140625
-17.502 28.125 0.150391 0.140625
-17.502 28.2656 0.150391 0.140625
-17.3516 28.125 0.150391 0.140625
-17.3516 28.2656 0.150391 0.140625
-17.2012 28.125 0.150391 0.140625
-17.2012 28.2656 0.150391 0.140625
-17.2012 28.4063 0.150391 0.140625
-17.2012 28.5469 0.150391 0.140625
-17.0508 28.4063 0.150391 0.140625
-17.0508 28.5469 0.150391 0.140625
-16.9004 28.4063 0.150391 0.140625
-16.9004 28.5469 0.150391 0.140625
-8.02734 0 0.150391 0.140625
-8.02734 0.140625 0.150391 0.140625
-8.02734 0.28125 0.150391 0.140625
-8.02734 0.421875 0.150391 0.140625
-8.02734 0.5625 0.150391 0.140625
-8.02734 0.703125 0.150391 0.140625
-8.02734 0.84375 0.150391 0.140625
-8.02734 0.984375 0.150391 0.140625
-8.02734 1.125 0.150391 0.140625
-8.02734 1.26563 0.150391 0.140625
-7.87695 1.125 0.150391 0.140625
-7.87695 1.26563 0.150391 0.140625
-7.87695 1.40625 0.150391 0.140625
-7.87695 1.54688 0.150391 0.140625
-7.87695 1.6875 0.150391 0.140625
-7.87695 1.82813 0.150391 0.140625
-7.87695 1.96875 0.150391 0.140625
-7.87695 2.10938 0.150391 0.140625
-7.72656 1.96875 0.150391 0.140625
-7.72656 2.10938 0.150391 0.140625
-7.72656 2.25 0.150391 0.140625
-7.72656 2.39063 0.150391 0.140625
-7.72656 2.53125 0.150391 0.140625
-7.72656 2.67188 0.150391 0.140625
-7.57617 2.53125 0.150391 0.140625
-7.57617 2.67188 0.150391 0.140625
-7.57617 2.8125 0.150391 0.140625
-7.57617 2.95313 0.150391 0.140625
-7.42578 2.8125 0.150391 0.140625
-7.42578 2.95313 0.150391 0.140625
-7.42578 3.09375 0.150391 0.140625
-7.42578 3.23438 0.150391 0.140625
-7.27539 3.09375 0.150391 0.140625
-7.27539 3.23438 0.150391 0.140625
-7.27539 3.375 0.150391 0.140625
-7.27539 3.51563 0.150391 0.140625
-7.125 3.375 0.150391 0.140625
-7.125 3.51563 0.150391 0.140625
-7.125 3.65625 0.150391 0.140625
-7.125 3.79688 0.150391 0.140625
-6.97461 3.65625 0.150391 0.140625
-6.97461 3.79688 0.150391 0.140625
-6.97461 3.9375 0.150391 0.140625
-6.97461 4.07813 0.150391 0.140625
-6.82422 3.9375 0.150391 0.140625
-6.82422 4.07813 0.150391 0.140625
-6.82422 4.21875 0.150391 0.140625
-6.82422 4.35938 0.150391 0.140625
-6.67383 4.21875 0.150391 0.140625
-6.67383 4.35938 0.150391 0.140625
-6.67383 4.5 0.150391 0.140625
-6.67383 4.64063 0.150391 0.140625
-6.52344 4.5 0.150391 0.140625
-6.52344 4.64063 0.150391 0.140625
-6.52344 4.78125 0.150391 0.140625
-6.52344 4.92188 0.150391 0.140625
-6.37305 4.78125 0.150391 0.140625
-6.37305 4.92188 0.150391 0.140625
-6.22266 4.78125 0.150391 0.140625
-6.22266 4.92188 0.150391 0.140625
-6.22266 5.0625 0.150391 0.140625
-6.22266 5.20313 0.150391 0.140625
-6.07227 5.0625 0.150391 0.140625
-6.07227 5.20313 0.150391 0.140625
-6.07227 5.34375 0.150391 0.140625
-6.07227 5.48438 0.150391 0.140625
-5.92188 5.34375 0.150391 0.140625
-5.92188 5.48438 0.150391 0.140625
-5.77148 5.34375 0.150391 0.140625
-5.77148 5.48438 0.150391 0.140625
-5.77148 5.625 0.150391 0.140625
-5.77148 5.76563 0.150391 0.140625
-5.62109 5.625 0.150391 0.140625
-5.62109 5.76563 0.150391 0.140625
-5.4707 5.625 0.150391 0.140625
-5.4707 5.76563 0.150391 0.140625
-5.4707 5.90625 0.150391 0.140625
-5.4707 6.04688 0.150391 0.140625
-5.32031 5.90625 0.150391 0.140625
-5.32031 6.04688 0.150391 0.140625
-5.16992 5.90625 0.150391 0.140625
-5.16992 6.04688 0.150391 0.140625
-5.16992 6.1875 0.150391 0.140625
-5.16992 6.32813 0.150391 0.140625
-5.01953 6.1875 0.150391 0.140625
-5.01953 6.32813 0.150391 0.140625
-4.86914 6.1875 0.150391 0.140625
-4.86914 6.32813 0.150391 0.140625
-4.71875 6.1875 0.150391 0.140625
-4.71875 6.32813 0.150391 0.140625
-4.71875 6.46875 0.150391 0.140625
-4.71875 6.60938 0.150391 0.140625
-4.56836 6.46875 0.150391 0.140625
-4.56836 6.60938 0.150391 0.140625
-4.41797 6.46875 0.150391 0.140625
-4.41797 6.60938 0.150391 0.140625
-4.41797 6.75 0.150391 0.140625
-4.41797 6.89063 0.150391 0.140625
-4.26758 6.75 0.150391 0.140625
-4.26758 6.89063 0.150391 0.140625
-4.11719 6.75 0.150391 0.140625
-4.11719 6.89063 0.150391 0.140625
-3.9668 6.75 0.150391 0.140625
-3.9668 6.89063 0.150391 0.140625
-3.81641 6.75 0.150391 0.140625
-3.81641 6.89063 0.150391 0.140625
-3.81641 7.03125 0.150391 0.140625
-3.81641 7.17188 0.150391 0.140625
-3.66602 7.03125 0.150391 0.140625
-3.66602 7.17188 0.150391 0.140625
-3.51563 7.03125 0.150391 0.140625
-3.51563 7.17188 0.150391 0.140625
-3.36523 7.03125 0.150391 0.140625
-3.36523 7.17188 0.150391 0.140625
-3.36523 7.3125 0.150391 0.140625
-3.36523 7.45313 0.150391 0.140625
-3.21484 7.3125 0.150391 0.140625
-3.21484 7.45313 0.150391 0.140625
-3.06445 7.3125 0.150391 0.140625
-3.06445 7.45313 0.150391 0.140625
-2.91406 7.3125 0.150391 0.140625
-2.91406 7.45313 0.150391 0.140625
-2.76367 7.3125 0.150391 0.140625
-2.76367 7.45313 0.150391 0.140625
-2.61328 7.3125 0.150391 0.140625
-2.61328 7.45313 0.150391 0.140625
-2.61328 7.59375 0.150391 0.140625
-2.61328 7.73438 0.150391 0.140625
-2.46289 7.59375 0.150391 0.140625
-2.46289 7.73438 0.150391 0.140625
-2.3125 7.59375 0.150391 0.140625
-2.3125 7.73438 0.150391 0.140625
-2.16211 7.59375 0.150391 0.140625
-2.16211 7.73438 0.150391 0.140625
-2.01172 7.59375 0.150391 0.140625
-2.01172 7.73438 0.150391 0.140625
-1.86133 7.59375 0.150391 0.140625
-1.86133 7.73438 0.150391 0.140625
-1.71094 7.59375 0.150391 0.140625
-1.71094 7.73438 0.150391 0.140625
-1.56055 7.59375 0.150391 0.140625
-1.56055 7.73438 0.150391 0.140625
-1.41016 7.59375 0.150391 0.140625
-1.41016 7.73438 0.150391 0.140625
-1.41016 7.875 0.150391 0.140625
-1.41016 8.01563 0.150391 0.140625
-1.25977 7.875 0.150391 0.140625
-1.25977 8.01563 0.150391 0.140625
-1.10938 7.875 0.150391 0.140625
-1.10938 8.01563 0.150391 0.140625
-0.958984 7.875 0.150391 0.140625
-0.958984 8.01563 0.150391 0.140625
-0.808594 7.875 0.150391 0.140625
-0.808594 8.01563 0.150391 0.140625
-0.658203 7.875 0.150391 0.140625
-0.658203 8.01563 0.150391 0.140625
-0.507813 7.875 0.150391 0.140625
-0.507813 8.01563 0.150391 0.140625
-0.357422 7.875 0.150391 0.140625
-0.357422 8.01563 0.150391 0.140625
-0.207031 7.875 0.150391 0.140625
-0.207031 8.01563 0.150391 0.140625
-0.0566406 7.875 0.150391 0.140625
-0.0566406 8.01563 0.150391 0.140625
0.09375 7.875 0.150391 0.140625
0.09375 8.01563 0.150391 0.140625
0.244141 7.875 0.150391 0.140625
0.244141 8.01563 0.150391 0.140625
0.394531 7.875 0.150391 0.140625
0.394531 8.01563 0.150391 0.140625
0.544922 7.875 0.150391 0.140625
0.544922 8.01563 0.150391 0.140625
0.695313 7.875 0.150391 0.140625
0.695313 8.01563 0.150391 0.140625
0.845703 7.875 0.150391 0.140625
0.845703 8.01563 0.150391 0.140625
0.996094 7.875 0.150391 0.140625
0.996094 8.01563 0.150391 0.140625
1.14648 7.875 0.150391 0.140625
1.14648 8.01563 0.150391 0.140625
1.29688 7.59375 0.150391 0.140625
1.29688 7.73438 0.150391 0.140625
1.44727 7.59375 0.150391 0.140625
1.44727 7.73438 0.150391 0.140625
1.59766 7.59375 0.150391 0.140625
1.59766 7.73438 0.150391 0.140625
1.74805 7.59375 0.150391 0.140625
1.74805 7.73438 0.150391 0.140625
1.89844 7.59375 0.150391 0.140625
1.89844 7.73438 0.150391 0.140625
2.04883 7.59375 0.150391 0.140625
2.04883 7.73438 0.150391 0.140625
2.19922 7.59375 0.150391 0.140625
2.19922 7.73438 0.150391 0.140625
2.34961 7.59375 0.150391 0.140625
2.34961 7.73438 0.150391 0.140625
1.29688 7.875 0.150391 0.140625
1.29688 8.01563 0.150391 0.140625
-16.75 28.4063 0.150391 0.140625
-16.75 28.5469 0.150391 0.140625
-16.75 28.6875 0.150391 0.140625
-16.75 28.8281 0.150391 0.140625
-16.5996 28.6875 0.150391 0.140625
-16.5996 28.8281 0.150391 0.140625
-16.4492 28.6875 0.150391 0.140625
-16.4492 28.8281 0.150391 0.140625
-16.4492 28.9688 0.150391 0.140625
-16.4492 29.1094 0.150391 0.140625
-16.2988 28.9688 0.150391 0.140625
-16.2988 29.1094 0.150391 0.140625
-16.1484 28.9688 0.150391 0.140625
-16.1484 29.1094 0.150391 0.140625
-15.998 28.9688 0.150391 0.140625
-15.998 29.1094 0.150391 0.140625
-15.998 29.25 0.150391 0.140625
-15.998 29.3906 0.150391 0.140625
-15.8477 29.25 0.150391 0.140625
-15.8477 29.3906 0.150391 0.140625
-15.6973 29.25 0.150391 0.140625
-15.6973 29.3906 0.150391 0.140625
-15.6973 29.5313 0.150391 0.140625
-15.6973 29.6719 0.150391 0.140625
-15.5469 29.5313 0.150391 0.140625
-15.5469 29.6719 0.150391 0.140625
-15.3965 29.5313 0.150391 0.140625
-15.3965 29.6719 0.150391 0.140625
-15.2461 29.5313 0.150391 0.140625
-15.2461 29.6719 0.150391 0.140625
-15.2461 29.8125 0.150391 0.140625
-15.2461 29.9531 0.150391 0.140625
-15.0957 29.8125 0.150391 0.140625
-15.0957 29.9531 0.150391 0.140625
-14.9453 29.8125 0.150391 0.140625
-14.9453 29.9531 0.150391 0.140625
-14.7949 29.8125 0.150391 0.140625
-14.7949 29.9531 0.150391 0.140625
-14.7949 30.0938 0.150391 0.140625
-14.7949 30.2344 0.150391 0.140625
-14.6445 30.0938 0.150391 0.140625
-14.6445 30.2344 0.150391 0.140625
-14.4941 30.0938 0.150391 0.140625
-14.4941 30.2344 0.150391 0.140625
-14.3438 30.0938 0.150391 0.140625
-14.3438 30.2344 0.150391 0.140625
-14.3438 30.375 0.150391 0.140625
-14.3438 30.5156 0.150391 0.140625
-14.1934 30.375 0.150391 0.140625
-14.1934 30.5156 0.150391 0.140625
-14.043 30.375 0.150391 0.140625
-14.043 30.5156 0.150391 0.140625
-13.8926 30.375 0.150391 0.140625
-13.8926 30.5156 0.150391 0.140625
-13.8926 30.6563 0.150391 0.140625
-13.8926 30.7969 0.150391 0.140625
-13.7422 30.6563 0.150391 0.140625
-13.7422 30.7969 0.150391 0.140625
-13.5918 30.6563 0.150391 0.140625
-13.5918 30.7969 0.150391 0.140625
-13.4414 30.6563 0.150391 0.140625
-13.4414 30.7969 0.150391 0.140625
-13.4414 30.9375 0.150391 0.140625
-13.4414 31.0781 0.150391 0.140625
-13.291 30.9375 0.150391 0.140625
-13.291 31.0781 0.150391 0.140625
-13.1406 30.9375 0.150391 0.140625
-13.1406 31.0781 0.150391 0.140625
-12.9902 30.9375 0.150391 0.140625
-12.9902 31.0781 0.150391 0.140625
-12.9902 31.2188 0.150391 0.140625
-12.9902 31.3594 0.150391 0.140625
-12.8398 31.2188 0.150391 0.140625
-12.8398 31.3594 0.150391 0.140625
-12.6895 31.2188 0.150391 0.140625
-12.6895 31.3594 0.150391 0.140625
-12.5391 31.2188 0.150391 0.140625
-12.5391 31.3594 0.150391 0.140625
-12.5391 31.5 0.150391 0.140625
-12.5391 31.6406 0.150391 0.140625
-12.3887 31.5 0.150391 0.140625
-12.3887 31.6406 0.150391 0.140625
-12.2383 31.5 0.150391 0.140625
-12.2383 31.6406 0.150391 0.140625
-12.0879 31.5 0.150391 0.140625
-12.0879 31.6406 0.150391 0.140625
-11.9375 31.5 0.150391 0.140625
-11.9375 31.6406 0.150391 0.140625
-11.9375 31.7813 0.150391 0.140625
-11.9375 31.9219 0.150391 0.140625
-11.7871 31.7813 0.150391 0.140625
-11.7871 31.9219 0.150391 0.140625
-11.6367 31.7813 0.150391 0.140625
-11.6367 31.9219 0.150391 0.140625
-11.4863 31.7813 0.150391 0.140625
-11.4863 31.9219 0.150391 0.140625
-11.4863 32.0625 0.150391 0.140625
-11.4863 32.2031 0.150391 0.140625
-11.3359 32.0625 0.150391 0.140625
-11.3359 32.2031 0.150391 0.140625
-11.1855 32.0625 0.150391 0.140625
-11.1855 32.2031 0.150391 0.140625
-11.0352 32.0625 0.150391 0.140625
-11.0352 32.2031 0.150391 0.140625
-10.8848 32.0625 0.150391 0.140625
-10.8848 32.2031 0.150391 0.140625
-10.8848 32.3438 0.150391 0.140625
-10.8848 32.4844 0.150391 0.140625
-10.7344 32.3438 0.150391 0.140625
-10.7344 32.4844 0.150391 0.140625
-10.584 32.3438 0.150391 0.140625
-10.584 32.4844 0.150391 0.140625
-10.4336 32.3438 0.150391 0.140625
-10.4336 32.4844 0.150391 0.140625
-10.2832 32.3438 0.150391 0.140625
-10.2832 32.4844 0.150391 0.140625
-10.2832 32.625 0.150391 0.140625
-10.2832 32.7656 0.150391 0.140625
-10.1328 32.625 0.150391 0.140625
-10.1328 32.7656 0.150391 0.140625
-9.98242 32.625 0.150391 0.140625
-9.98242 32.7656 0.150391 0.140625
-9.83203 32.625 0.150391 0.140625
-9.83203 32.7656 0.150391 0.140625
-9.68164 32.625 0.150391 0.140625
-9.68164 32.7656 0.150391 0.140625
-9.68164 32.9063 0.150391 0.140625
-9.68164 33.0469 0.150391 0.140625
-9.53125 32.9063 0.150391 0.140625
-9.53125 33.0469 0.150391 0.140625
-9.38086 32.9063 0.150391 0.140625
-9.38086 33.0469 0.150391 0.140625
-9.23047 32.9063 0.150391 0.140625
-9.23047 33.0469 0.150391 0.140625
-9.08008 32.9063 0.150391 0.140625
-9.08008 33.0469 0.150391 0.140625
-9.08008 33.1875 0.150391 0.140625
-9.08008 33.3281 0.150391 0.140625
-8.92969 33.1875 0.150391 0.140625
-8.92969 33.3281 0.150391 0.140625
-8.7793 33.1875 0.150391 0.140625
-8.7793 33.3281 0.150391 0.140625
-8.62891 33.1875 0.150391 0.140625
-8.62891 33.3281 0.150391 0.140625
-8.47852 33.1875 0.150391 0.140625
-8.47852 33.3281 0.150391 0.140625
-8.32813 33.1875 0.150391 0.140625
-8.32813 33.3281 0.150391 0.140625
-8.32813 33.4688 0.150391 0.140625
-8.32813 33.6094 0.150391 0.140625
-8.17773 33.4688 0.150391 0.140625
-8.17773 33.6094 0.150391 0.140625
-8.02734 33.4688 0.150391 0.140625
-8.02734 33.6094 0.150391 0.140625
-7.87695 33.4688 0.150391 0.140625
-7.87695 33.6094 0.150391 0.140625
-7.72656 33.4688 0.150391 0.140625
-7.72656 33.6094 0.150391 0.140625
-7.57617 33.4688 0.150391 0.140625
-7.57617 33.6094 0.150391 0.140625
-7.57617 33.75 0.150391 0.140625
-7.57617 33.8906 0.150391 0.140625
-7.42578 33.75 0.150391 0.140625
-7.42578 33.8906 0.150391 0.140625
-7.27539 33.75 0.150391 0.140625
-7.27539 33.8906 0.150391 0.140625
-7.125 33.75 0.150391 0.140625
-7.125 33.8906 0.150391 0.140625
-6.97461 33.75 0.150391 0.140625
-6.97461 33.8906 0.150391 0.140625
-6.82422 33.75 0.150391 0.140625
-6.82422 33.8906 0.150391 0.140625
-6.82422 34.0313 0.150391 0.140625
-6.82422 34.1719 0.150391 0.140625
-6.67383 34.0313 0.150391 0.140625
-6.67383 34.1719 0.150391 0.140625
-6.52344 34.0313 0.150391 0.140625
-6.52344 34.1719 0.150391 0.140625
-6.37305 34.0313 0.150391 0.140625
-6.37305 34.1719 0.150391 0.140625
-6.22266 34.0313 0.150391 0.140625
-6.22266 34.1719 0.150391 0.140625
-6.07227 34.0313 0.150391 0.140625
-6.07227 34.1719 0.150391 0.140625
-5.92188 34.0313 0.150391 0.140625
-5.92188 34.1719 0.150391 0.140625
-5.92188 34.3125 0.150391 0.140625
-5.92188 34.4531 0.150391 0.140625
-5.77148 34.3125 0.150391 0.140625
-5.77148 34.4531 0.150391 0.140625
-5.62109 34.3125 0.150391 0.140625
-5.62109 34.4531 0.150391 0.140625
-5.4707 34.3125 0.150391 0.140625
-5.4707 34.4531 0.150391 0.140625
-5.32031 34.3125 0.150391 0.140625
-5.32031 34.4531 0.150391 0.140625
-5.16992 34.3125 0.150391 0.140625
-5.16992 34.4531 0.150391 0.140625
-5.01953 34.3125 0.150391 0.140625
-5.01953 34.4531 0.150391 0.140625
-5.01953 34.5938 0.150391 0.140625
-5.01953 34.7344 0.150391 0.140625
-4.86914 34.5938 0.150391 0.140625
-4.86914 34.7344 0.150391 0.140625
-4.71875 34.5938 0.150391 0.140625
-4.71875 34.7344 0.150391 0.140625
-4.56836 34.5938 0.150391 0.140625
-4.56836 34.7344 0.150391 0.140625
-4.41797 34.5938 0.150391 0.140625
-4.41797 34.7344 0.150391 0.140625
-4.26758 34.5938 0.150391 0.140625
-4.26758 34.7344 0.150391 0.140625
-4.11719 34.5938 0.150391 0.140625
-4.11719 34.7344 0.150391 0.140625
-3.9668 34.5938 0.150391 0.140625
-3.9668 34.7344 0.150391 0.140625
-3.9668 34.875 0.150391 0.140625
-3.9668 35.0156 0.150391 0.140625
-3.81641 34.875 0.150391 0.140625
-3.81641 35.0156 0.150391 0.140625
-3.66602 34.875 0.150391 0.140625
-3.66602 35.0156 0.150391 0.140625
-3.51563 34.875 0.150391 0.140625
-3.51563 35.0156 0.150391 0.140625
-3.36523 34.875 0.150391 0.140625
-3.36523 35.0156 0.150391 0.140625
-3.21484 34.875 0.150391 0.140625
-3.21484 35.0156 0.150391 0.140625
-3.06445 34.875 0.150391 0.140625
-3.06445 35.0156 0.150391 0.140625
-2.91406 34.875 0.150391 0.140625
-2.91406 35.0156 0.150391 0.140625
-2.76367 34.875 0.150391 0.140625
-2.76367 35.0156 0.150391 0.140625
-2.76367 35.1563 0.150391 0.140625
-2.76367 35.2969 0.150391 0.140625
-2.61328 35.1563 0.150391 0.140625
-2.61328 35.2969 0.150391 0.140625
-2.46289 35.1563 0.150391 0.140625
-2.46289 35.2969 0.150391 0.140625
-2.3125 35.1563 0.150391 0.140625
-2.3125 35.2969 0.150391 0.140625
-2.16211 35.1563 0.150391 0.140625
-2.16211 35.2969 0.150391 0.140625
-2.01172 35.1563 0.150391 0.140625
-2.01172 35.2969 0.150391 0.140625
-1.86133 35.1563 0.150391 0.140625
-1.86133 35.2969 0.150391 0.140625
-1.71094 35.1563 0.150391 0.140625
-1.71094 35.2969 0.150391 0.140625
-1.56055 35.1563 0.150391 0.140625
-1.56055 35.2969 0.150391 0.140625
-1.41016 35.1563 0.150391 0.140625
-1.41016 35.2969 0.150391 0.140625
-1.41016 35.4375 0.150391 0.140625
-1.41016 35.5781 0.150391 0.140625
-1.25977 35.4375 0.150391 0.140625
-1.25977 35.5781 0.150391 0.140625
-1.10938 35.4375 0.150391 0.140625
-1.10938 35.5781 0.150391 0.140625
-0.958984 35.4375 0.150391 0.140625
-0.958984 35.5781 0.150391 0.140625
-0.808594 35.4375 0.150391 0.140625
-0.808594 35.5781 0.150391 0.140625
-0.658203 35.4375 0.150391 0.140625
-0.658203 35.5781 0.150391 0.140625
-0.507813 35.4375 0.150391 0.140625
-0.507813 35.5781 0.150391 0.140625
-0.357422 35.4375 0.150391 0.140625
-0.357422 35.5781 0.150391 0.140625
-0.207031 35.4375 0.150391 0.140625
-0.207031 35.5781 0.150391 0.140625
-0.0566406 35.4375 0.150391 0.140625
-0.0566406 35.5781 0.150391 0.140625
0.09375 35.4375 0.150391 0.140625
0.09375 35.5781 0.150391 0.140625
0.244141 35.4375 0.150391 0.140625
0.244141 35.5781 0.150391 0.140625
0.394531 35.4375 0.150391 0.140625
0.394531 35.5781 0.150391 0.140625
0.394531 35.7188 0.150391 0.140625
0.394531 35.8594 0.150391 0.140625
0.544922 35.7188 0.150391 0.140625
0.544922 35.8594 0.150391 0.140625
0.695313 35.7188 0.150391 0.140625
0.695313 35.8594 0.150391 0.140625
0.845703 35.7188 0.150391 0.140625
0.845703 35.8594 0.150391 0.140625
0.996094 35.7188 0.150391 0.140625
0.996094 35.8594 0.150391 0.140625
1.14648 35.7188 0.150391 0.140625
1.14648 35.8594 0.150391 0.140625
1.29688 35.7188 0.150391 0.140625
1.29688 35.8594 0.150391 0.140625
1.44727 35.7188 0.150391 0.140625
1.44727 35.8594 0.150391 0.140625
1.59766 35.7188 0.150391 0.140625
1.59766 35.8594 0.150391 0.140625
1.74805 35.7188 0.150391 0.140625
1.74805 35.8594 0.150391 0.140625
1.89844 35.7188 0.150391 0.140625
1.89844 35.8594 0.150391 0.140625
2.04883 35.7188 0.150391 0.140625
2.04883 35.8594 0.150391 0.140625
2.19922 35.7188 0.150391 0.140625
2.19922 35.8594 0.150391 0.140625
2.34961 35.7188 0.150391 0.140625
2.34961 35.8594 0.150391 0.140625
2.5 7.59375 0.150391 0.140625
2.5 7.73438 0.150391 0.140625
2.65039 7.59375 0.150391 0.140625
2.65039 7.73438 0.150391 0.140625
2.80078 7.59375 0.150391 0.140625
2.80078 7.73438 0.150391 0.140625
2.95117 7.59375 0.150391 0.140625
2.95117 7.73438 0.150391 0.140625
3.10156 7.59375 0.150391 0.140625
3.10156 7.73438 0.150391 0.140625
3.25195 7.59375 0.150391 0.140625
3.25195 7.73438 0.150391 0.140625
3.40234 7.59375 0.150391 0.140625
3.40234 7.73438 0.150391 0.140625
3.55273 7.59375 0.150391 0.140625
3.55273 7.73438 0.150391 0.140625
3.55273 7.875 0.150391 0.140625
3.55273 8.01563 0.150391 0.140625
3.70313 7.875 0.150391 0.140625
3.70313 8.01563 0.150391 0.140625
3.85352 7.875 0.150391 0.140625
3.85352 8.01563 0.150391 0.140625
4.00391 7.875 0.150391 0.140625
4.00391 8.01563 0.150391 0.140625
4.1543 7.875 0.150391 0.140625
4.1543 8.01563 0.150391 0.140625
4.30469 7.875 0.150391 0.140625
4.30469 8.01563 0.150391 0.140625
4.45508 7.875 0.150391 0.140625
4.45508 8.01563 0.150391 0.140625
4.60547 7.875 0.150391 0.140625
4.60547 8.01563 0.150391 0.140625
4.75586 7.875 0.150391 0.140625
4.75586 8.01563 0.150391 0.140625
4.90625 7.875 0.150391 0.140625
4.90625 8.01563 0.150391 0.140625
5.05664 7.875 0.150391 0.140625
5.05664 8.01563 0.150391 0.140625
5.20703 7.875 0.150391 0.140625
5.20703 8.01563 0.150391 0.140625
5.35742 7.875 0.150391 0.140625
5.35742 8.01563 0.150391 0.140625
5.50781 7.875 0.150391 0.140625
5.50781 8.01563 0.150391 0.140625
5.6582 7.875 0.150391 0.140625
5.6582 8.01563 0.150391 0.140625
5.80859 7.875 0.150391 0.140625
5.80859 8.01563 0.150391 0.140625
5.95898 7.875 0.150391 0.140625
5.95898 8.01563 0.150391 0.140625
6.25977 7.59375 0.150391 0.140625
6.25977 7.73438 0.150391 0.140625
6.41016 7.59375 0.150391 0.140625
6.41016 7.73438 0.150391 0.140625
6.56055 7.59375 0.150391 0.140625
6.56055 7.73438 0.150391 0.140625
6.71094 7.59375 0.150391 0.140625
6.71094 7.73438 0.150391 0.140625
6.86133 7.59375 0.150391 0.140625
6.86133 7.73438 0.150391 0.140625
7.01172 7.59375 0.150391 0.140625
7.01172 7.73438 0.150391 0.140625
7.16211 7.59375 0.150391 0.140625
7.16211 7.73438 0.150391 0.140625
6.10938 7.875 0.150391 0.140625
6.10938 8.01563 0.150391 0.140625
6.25977 7.875 0.150391 0.140625
6.25977 8.01563 0.150391 0.140625
11.9746 3.375 0.150391 0.140625
11.9746 3.51563 0.150391 0.140625
11.8242 3.65625 0.150391 0.140625
11.8242 3.79688 0.150391 0.140625
11.9746 3.65625 0.150391 0.140625
11.9746 3.79688 0.150391 0.140625
11.6738 3.9375 0.150391 0.140625
11.6738 4.07813 0.150391 0.140625
11.5234 4.21875 0.150391 0.140625
11.5234 4.35938 0.150391 0.140625
11.6738 4.21875 0.150391 0.140625
11.6738 4.35938 0.150391 0.140625
11.8242 3.9375 0.150391 0.140625
11.8242 4.07813 0.150391 0.140625
9.26758 6.46875 0.150391 0.140625
9.26758 6.60938 0.150391 0.140625
9.56836 6.1875 0.150391 0.140625
9.56836 6.32813 0.150391 0.140625
9.41797 6.46875 0.150391 0.140625
9.41797 6.60938 0.150391 0.140625
9.56836 6.46875 0.150391 0.140625
9.56836 6.60938 0.150391 0.140625
7.46289 7.3125 0.150391 0.140625
7.46289 7.45313 0.150391 0.140625
7.3125 7.59375 0.150391 0.140625
7.3125 7.73438 0.150391 0.140625
7.46289 7.59375 0.150391 0.140625
7.46289 7.73438 0.150391 0.140625
7.61328 7.3125 0.150391 0.140625
7.61328 7.45313 0.150391 0.140625
7.76367 7.3125 0.150391 0.140625
7.76367 7.45313 0.150391 0.140625
8.21484 7.03125 0.150391 0.140625
8.21484 7.17188 0.150391 0.140625
8.36523 7.03125 0.150391 0.140625
8.36523 7.17188 0.150391 0.140625
7.91406 7.3125 0.150391 0.140625
7.91406 7.45313 0.150391 0.140625
8.06445 7.3125 0.150391 0.140625
8.06445 7.45313 0.150391 0.140625
8.21484 7.3125 0.150391 0.140625
8.21484 7.45313 0.150391 0.140625
8.66602 6.75 0.150391 0.140625
8.66602 6.89063 0.150391 0.140625
8.51563 7.03125 0.150391 0.140625
8.51563 7.17188 0.150391 0.140625
8.66602 7.03125 0.150391 0.140625
8.66602 7.17188 0.150391 0.140625
8.81641 6.75 0.150391 0.140625
8.81641 6.89063 0.150391 0.140625
8.9668 6.75 0.150391 0.140625
8.9668 6.89063 0.150391 0.140625
9.11719 6.75 0.150391 0.140625
9.11719 6.89063 0.150391 0.140625
9.26758 6.75 0.150391 0.140625
9.26758 6.89063 0.150391 0.140625
10.6211 5.34375 0.150391 0.140625
10.6211 5.48438 0.150391 0.140625
10.7715 5.34375 0.150391 0.140625
10.7715 5.48438 0.150391 0.140625
10.0195 5.90625 0.150391 0.140625
10.0195 6.04688 0.150391 0.140625
10.1699 5.90625 0.150391 0.140625
10.1699 6.04688 0.150391 0.140625
9.71875 6.1875 0.150391 0.140625
9.71875 6.32813 0.150391 0.140625
9.86914 6.1875 0.150391 0.140625
9.86914 6.32813 0.150391 0.140625
10.0195 6.1875 0.150391 0.140625
10.0195 6.32813 0.150391 0.140625
10.3203 5.625 0.150391 0.140625
10.3203 5.76563 0.150391 0.140625
10.4707 5.625 0.150391 0.140625
10.4707 5.76563 0.150391 0.140625
10.3203 5.90625 0.150391 0.140625
10.3203 6.04688 0.150391 0.140625
10.6211 5.625 0.150391 0.140625
10.6211 5.76563 0.150391 0.140625
11.0723 4.78125 0.150391 0.140625
11.0723 4.92188 0.150391 0.140625
11.373 4.5 0.150391 0.140625
11.373 4.64063 0.150391 0.140625
11.2227 4.78125 0.150391 0.140625
11.2227 4.92188 0.150391 0.140625
11.373 4.78125 0.150391 0.140625
11.373 4.92188 0.150391 0.140625
10.9219 5.0625 0.150391 0.140625
10.9219 5.20313 0.150391 0.140625
11.0723 5.0625 0.150391 0.140625
11.0723 5.20313 0.150391 0.140625
10.9219 5.34375 0.150391 0.140625
10.9219 5.48438 0.150391 0.140625
11.5234 4.5 0.150391 0.140625
11.5234 4.64063 0.150391 0.140625
12.877 0 0.150391 0.140625
12.877 0.140625 0.150391 0.140625
12.877 0.28125 0.150391 0.140625
12.877 0.421875 0.150391 0.140625
12.877 0.5625 0.150391 0.140625
12.877 0.703125 0.150391 0.140625
12.877 0.84375 0.150391 0.140625
12.877 0.984375 0.150391 0.140625
12.5762 1.96875 0.150391 0.140625
12.5762 2.10938 0.150391 0.140625
12.7266 1.125 0.150391 0.140625
12.7266 1.26563 0.150391 0.140625
12.877 1.125 0.150391 0.140625
12.877 1.26563 0.150391 0.140625
12.7266 1.40625 0.150391 0.140625
12.7266 1.54688 0.150391 0.140625
12.7266 1.6875 0.150391 0.140625
12.7266 1.82813 0.150391 0.140625
12.7266 1.96875 0.150391 0.140625
12.7266 2.10938 0.150391 0.140625
12.5762 2.25 0.150391 0.140625
12.5762 2.39063 0.150391 0.140625
12.4258 2.53125 0.150391 0.140625
12.4258 2.67188 0.150391 0.140625
12.5762 2.53125 0.150391 0.140625
12.5762 2.67188 0.150391 0.140625
12.2754 2.8125 0.150391 0.140625
12.2754 2.95313 0.150391 0.140625
12.125 3.09375 0.150391 0.140625
12.125 3.23438 0.150391 0.140625
12.2754 3.09375 0.150391 0.140625
12.2754 3.23438 0.150391 0.140625
12.4258 2.8125 0.150391 0.140625
12.4258 2.95313 0.150391 0.140625
12.125 3.375 0.150391 0.140625
12.125 3.51563 0.150391 0.140625
2.5 35.7188 0.150391 0.140625
2.5 35.8594 0.150391 0.140625
2.65039 35.7188 0.150391 0.140625
2.65039 35.8594 0.150391 0.140625
2.80078 35.7188 0.150391 0.140625
2.80078 35.8594 0.150391 0.140625
2.95117 35.7188 0.150391 0.140625
2.95117 35.8594 0.150391 0.140625
3.10156 35.7188 0.150391 0.140625
3.10156 35.8594 0.150391 0.140625
3.25195 35.7188 0.150391 0.140625
3.25195 35.8594 0.150391 0.140625
3.40234 35.7188 0.150391 0.140625
3.40234 35.8594 0.150391 0.140625
3.55273 35.7188 0.150391 0.140625
3.55273 35.8594 0.150391 0.140625
3.70313 35.7188 0.150391 0.140625
3.70313 35.8594 0.150391 0.140625
3.85352 35.7188 0.150391 0.140625
3.85352 35.8594 0.150391 0.140625
4.00391 35.7188 0.150391 0.140625
4.00391 35.8594 0.150391 0.140625
4.1543 35.7188 0.150391 0.140625
4.1543 35.8594 0.150391 0.140625
4.45508 35.4375 0.150391 0.140625
4.45508 35.5781 0.150391 0.140625
4.30469 35.7188 0.150391 0.140625
4.30469 35.8594 0.150391 0.140625
4.45508 35.7188 0.150391 0.140625
4.45508 35.8594 0.150391 0.140625
4.60547 35.4375 0.150391 0.140625
4.60547 35.5781 0.150391 0.140625
4.75586 35.4375 0.150391 0.140625
4.75586 35.5781 0.150391 0.140625
4.90625 35.4375 0.150391 0.140625
4.90625 35.5781 0.150391 0.140625
5.05664 35.4375 0.150391 0.140625
5.05664 35.5781 0.150391 0.140625
5.20703 35.4375 0.150391 0.140625
5.20703 35.5781 0.150391 0.140625
5.35742 35.4375 0.150391 0.140625
5.35742 35.5781 0.150391 0.140625
5.50781 35.4375 0.150391 0.140625
5.50781 35.5781 0.150391 0.140625
5.6582 35.4375 0.150391 0.140625
5.6582 35.5781 0.150391 0.140625
5.80859 35.4375 0.150391 0.140625
5.80859 35.5781 0.150391 0.140625
5.95898 35.4375 0.150391 0.140625
5.95898 35.5781 0.150391 0.140625
6.25977 35.1563 0.150391 0.140625
6.25977 35.2969 0.150391 0.140625
6.41016 35.1563 0.150391 0.140625
6.41016 35.2969 0.150391 0.140625
6.56055 35.1563 0.150391 0.140625
6.56055 35.2969 0.150391 0.140625
6.10938 35.4375 0.150391 0.140625
6.10938 35.5781 0.150391 0.140625
6.25977 35.4375 0.150391 0.140625
6.25977 35.5781 0.150391 0.140625
6.71094 35.1563 0.150391 0.140625
6.71094 35.2969 0.150391 0.140625
6.86133 35.1563 0.150391 0.140625
6.86133 35.2969 0.150391 0.140625
7.01172 35.1563 0.150391 0.140625
7.01172 35.2969 0.150391 0.140625
7.16211 35.1563 0.150391 0.140625
7.16211 35.2969 0.150391 0.140625
7.3125 35.1563 0.150391 0.140625
7.3125 35.2969 0.150391 0.140625
7.46289 35.1563 0.150391 0.140625
7.46289 35.2969 0.150391 0.140625
7.61328 34.875 0.150391 0.140625
7.61328 35.0156 0.150391 0.140625
7.76367 34.875 0.150391 0.140625
7.76367 35.0156 0.150391 0.140625
7.61328 35.1563 0.150391 0.140625
7.61328 35.2969 0.150391 0.140625
7.91406 34.875 0.150391 0.140625
7.91406 35.0156 0.150391 0.140625
8.06445 34.875 0.150391 0.140625
8.06445 35.0156 0.150391 0.140625
8.21484 34.875 0.150391 0.140625
8.21484 35.0156 0.150391 0.140625
8.36523 34.875 0.150391 0.140625
8.36523 35.0156 0.150391 0.140625
8.81641 34.5938 0.150391 0.140625
8.81641 34.7344 0.150391 0.140625
8.9668 34.5938 0.150391 0.140625
8.9668 34.7344 0.150391 0.140625
9.11719 34.5938 0.150391 0.140625
9.11719 34.7344 0.150391 0.140625
9.26758 34.5938 0.150391 0.140625
9.26758 34.7344 0.150391 0.140625
9.41797 34.5938 0.150391 0.140625
9.41797 34.7344 0.150391 0.140625
9.56836 34.5938 0.150391 0.140625
9.56836 34.7344 0.150391 0.140625
8.51563 34.875 0.150391 0.140625
8.51563 35.0156 0.150391 0.140625
8.66602 34.875 0.150391 0.140625
8.66602 35.0156 0.150391 0.140625
8.81641 34.875 0.150391 0.140625
8.81641 35.0156 0.150391 0.140625
9.86914 34.3125 0.150391 0.140625
9.86914 34.4531 0.150391 0.140625
9.71875 34.5938 0.150391 0.140625
9.71875 34.7344 0.150391 0.140625
9.86914 34.5938 0.150391 0.140625
9.86914 34.7344 0.150391 0.140625
10.0195 34.3125 0.150391 0.140625
10.0195 34.4531 0.150391 0.140625
10.1699 34.3125 0.150391 0.140625
10.1699 34.4531 0.150391 0.140625
10.7715 34.0313 0.150391 0.140625
10.7715 34.1719 0.150391 0.140625
10.3203 34.3125 0.150391 0.140625
10.3203 34.4531 0.150391 0.140625
10.4707 34.3125 0.150391 0.140625
10.4707 34.4531 0.150391 0.140625
10.6211 34.3125 0.150391 0.140625
10.6211 34.4531 0.150391 0.140625
10.7715 34.3125 0.150391 0.140625
10.7715 34.4531 0.150391 0.140625
10.9219 34.0313 0.150391 0.140625
10.9219 34.1719 0.150391 0.140625
11.0723 34.0313 0.150391 0.140625
11.0723 34.1719 0.150391 0.140625
11.2227 34.0313 0.150391 0.140625
11.2227 34.1719 0.150391 0.140625
11.373 34.0313 0.150391 0.140625
11.373 34.1719 0.150391 0.140625
11.6738 33.75 0.150391 0.140625
11.6738 33.8906 0.150391 0.140625
11.5234 34.0313 0.150391 0.140625
11.5234 34.1719 0.150391 0.140625
11.6738 34.0313 0.150391 0.140625
11.6738 34.1719 0.150391 0.140625
11.8242 33.75 0.150391 0.140625
11.8242 33.8906 0.150391 0.140625
11.9746 33.75 0.150391 0.140625
11.9746 33.8906 0.150391 0.140625
12.4258 33.4688 0.150391 0.140625
12.4258 33.6094 0.150391 0.140625
12.5762 33.4688 0.150391 0.140625
12.5762 33.6094 0.150391 0.140625
12.7266 33.4688 0.150391 0.140625
12.7266 33.6094 0.150391 0.140625
12.877 33.4688 0.150391 0.140625
12.877 33.6094 0.150391 0.140625
13.1777 33.1875 0.150391 0.140625
13.1777 33.3281 0.150391 0.140625
13.0273 33.4688 0.150391 0.140625
13.0273 33.6094 0.150391 0.140625
13.1777 33.4688 0.150391 0.140625
13.1777 33.6094 0.150391 0.140625
13.3281 33.1875 0.150391 0.140625
13.3281 33.3281 0.150391 0.140625
13.4785 33.1875 0.150391 0.140625
13.4785 33.3281 0.150391 0.140625
13.6289 33.1875 0.150391 0.140625
13.6289 33.3281 0.150391 0.140625
13.7793 33.1875 0.150391 0.140625
13.7793 33.3281 0.150391 0.140625
13.9297 32.9063 0.150391 0.140625
13.9297 33.0469 0.150391 0.140625
14.0801 32.9063 0.150391 0.140625
14.0801 33.0469 0.150391 0.140625
14.2305 32.9063 0.150391 0.140625
14.2305 33.0469 0.150391 0.140625
14.3809 32.9063 0.150391 0.140625
14.3809 33.0469 0.150391 0.140625
13.9297 33.1875 0.150391 0.140625
13.9297 33.3281 0.150391 0.140625
12.125 33.75 0.150391 0.140625
12.125 33.8906 0.150391 0.140625
12.2754 33.75 0.150391 0.140625
12.2754 33.8906 0.150391 0.140625
12.4258 33.75 0.150391 0.140625
12.4258 33.8906 0.150391 0.140625
15.1328 32.3438 0.150391 0.140625
15.1328 32.4844 0.150391 0.140625
15.2832 32.3438 0.150391 0.140625
15.2832 32.4844 0.150391 0.140625
15.4336 32.3438 0.150391 0.140625
15.4336 32.4844 0.150391 0.140625
15.584 32.3438 0.150391 0.140625
15.584 32.4844 0.150391 0.140625
14.5313 32.625 0.150391 0.140625
14.5313 32.7656 0.150391 0.140625
14.6816 32.625 0.150391 0.140625
14.6816 32.7656 0.150391 0.140625
14.5313 32.9063 0.150391 0.140625
14.5313 33.0469 0.150391 0.140625
14.832 32.625 0.150391 0.140625
14.832 32.7656 0.150391 0.140625
14.9824 32.625 0.150391 0.140625
14.9824 32.7656 0.150391 0.140625
15.1328 32.625 0.150391 0.140625
15.1328 32.7656 0.150391 0.140625
15.7344 32.0625 0.150391 0.140625
15.7344 32.2031 0.150391 0.140625
15.8848 32.0625 0.150391 0.140625
15.8848 32.2031 0.150391 0.140625
15.7344 32.3438 0.150391 0.140625
15.7344 32.4844 0.150391 0.140625
16.0352 32.0625 0.150391 0.140625
16.0352 32.2031 0.150391 0.140625
16.1855 32.0625 0.150391 0.140625
16.1855 32.2031 0.150391 0.140625
16.3359 31.7813 0.150391 0.140625
16.3359 31.9219 0.150391 0.140625
16.4863 31.7813 0.150391 0.140625
16.4863 31.9219 0.150391 0.140625
16.7871 31.5 0.150391 0.140625
16.7871 31.6406 0.150391 0.140625
16.6367 31.7813 0.150391 0.140625
16.6367 31.9219 0.150391 0.140625
16.7871 31.7813 0.150391 0.140625
16.7871 31.9219 0.150391 0.140625
16.3359 32.0625 0.150391 0.140625
16.3359 32.2031 0.150391 0.140625
17.3887 31.2188 0.150391 0.140625
17.3887 31.3594 0.150391 0.140625
17.5391 31.2188 0.150391 0.140625
17.5391 31.3594 0.150391 0.140625
17.6895 31.2188 0.150391 0.140625
17.6895 31.3594 0.150391 0.140625
17.8398 30.9375 0.150391 0.140625
17.8398 31.0781 0.150391 0.140625
17.9902 30.9375 0.150391 0.140625
17.9902 31.0781 0.150391 0.140625
17.8398 31.2188 0.150391 0.140625
17.8398 31.3594 0.150391 0.140625
19.1934 30.0938 0.150391 0.140625
19.1934 30.2344 0.150391 0.140625
18.291 30.6563 0.150391 0.140625
18.291 30.7969 0.150391 0.140625
18.4414 30.6563 0.150391 0.140625
18.4414 30.7969 0.150391 0.140625
18.5918 30.6563 0.150391 0.140625
18.5918 30.7969 0.150391 0.140625
18.1406 30.9375 0.150391 0.140625
18.1406 31.0781 0.150391 0.140625
18.291 30.9375 0.150391 0.140625
18.291 31.0781 0.150391 0.140625
18.7422 30.375 0.150391 0.140625
18.7422 30.5156 0.150391 0.140625
18.8926 30.375 0.150391 0.140625
18.8926 30.5156 0.150391 0.140625
18.7422 30.6563 0.150391 0.140625
18.7422 30.7969 0.150391 0.140625
19.043 30.375 0.150391 0.140625
19.043 30.5156 0.150391 0.140625
19.1934 30.375 0.150391 0.140625
19.1934 30.5156 0.150391 0.140625
20.8477 28.9688 0.150391 0.140625
20.8477 29.1094 0.150391 0.140625
20.998 28.9688 0.150391 0.140625
20.998 29.1094 0.150391 0.140625
21.5996 28.4063 0.150391 0.140625
21.5996 28.5469 0.150391 0.140625
21.2988 28.6875 0.150391 0.140625
21.2988 28.8281 0.150391 0.140625
21.1484 28.9688 0.150391 0.140625
21.1484 29.1094 0.150391 0.140625
21.2988 28.9688 0.150391 0.140625
21.2988 29.1094 0.150391 0.140625
21.4492 28.6875 0.150391 0.140625
21.4492 28.8281 0.150391 0.140625
21.5996 28.6875 0.150391 0.140625
21.5996 28.8281 0.150391 0.140625
19.3438 30.0938 0.150391 0.140625
19.3438 30.2344 0.150391 0.140625
19.4941 30.0938 0.150391 0.140625
19.4941 30.2344 0.150391 0.140625
19.6445 29.8125 0.150391 0.140625
19.6445 29.9531 0.150391 0.140625
19.7949 29.8125 0.150391 0.140625
19.7949 29.9531 0.150391 0.140625
19.6445 30.0938 0.150391 0.140625
19.6445 30.2344 0.150391 0.140625
20.0957 29.5313 0.150391 0.140625
20.0957 29.6719 0.150391 0.140625
20.2461 29.5313 0.150391 0.140625
20.2461 29.6719 0.150391 0.140625
20.3965 29.5313 0.150391 0.140625
20.3965 29.6719 0.150391 0.140625
19.9453 29.8125 0.150391 0.140625
19.9453 29.9531 0.150391 0.140625
20.0957 29.8125 0.150391 0.140625
20.0957 29.9531 0.150391 0.140625
20.5469 29.25 0.150391 0.140625
20.5469 29.3906 0.150391 0.140625
20.6973 29.25 0.150391 0.140625
20.6973 29.3906 0.150391 0.140625
20.5469 29.5313 0.150391 0.140625
20.5469 29.6719 0.150391 0.140625
20.8477 29.25 0.150391 0.140625
20.8477 29.3906 0.150391 0.140625
16.9375 31.5 0.150391 0.140625
16.9375 31.6406 0.150391 0.140625
17.0879 31.5 0.150391 0.140625
17.0879 31.6406 0.150391 0.140625
17.2383 31.5 0.150391 0.140625
17.2383 31.6406 0.150391 0.140625
17.3887 31.5 0.150391 0.140625
17.3887 31.6406 0.150391 0.140625
31.2246 17.4375 0.150391 0.140625
31.2246 17.5781 0.150391 0.140625
31.0742 17.7188 0.150391 0.140625
31.0742 17.8594 0.150391 0.140625
31.2246 17.7188 0.150391 0.140625
31.2246 17.8594 0.150391 0.140625
35.8867 0 0.150391 0.140625
35.8867 0.140625 0.150391 0.140625
35.8867 0.28125 0.150391 0.140625
35.8867 0.421875 0.150391 0.140625
35.8867 0.5625 0.150391 0.140625
35.8867 0.703125 0.150391 0.140625
35.8867 0.84375 0.150391 0.140625
35.8867 0.984375 0.150391 0.140625
35.8867 1.125 0.150391 0.140625
35.8867 1.26563 0.150391 0.140625
35.8867 1.40625 0.150391 0.140625
35.8867 1.54688 0.150391 0.140625
35.8867 1.6875 0.150391 0.140625
35.8867 1.82813 0.150391 0.140625
35.8867 1.96875 0.150391 0.140625
35.8867 2.10938 0.150391 0.140625
35.8867 2.25 0.150391 0.140625
35.8867 2.39063 0.150391 0.140625
35.8867 2.53125 0.150391 0.140625
35.8867 2.67188 0.150391 0.140625
35.7363 2.8125 0.150391 0.140625
35.7363 2.95313 0.150391 0.140625
35.7363 3.09375 0.150391 0.140625
35.7363 3.23438 0.150391 0.140625
35.8867 2.8125 0.150391 0.140625
35.8867 2.95313 0.150391 0.140625
35.7363 3.375 0.150391 0.140625
35.7363 3.51563 0.150391 0.140625
35.7363 3.65625 0.150391 0.140625
35.7363 3.79688 0.150391 0.140625
35.7363 3.9375 0.150391 0.140625
35.7363 4.07813 0.150391 0.140625
35.5859 4.21875 0.150391 0.140625
35.5859 4.35938 0.150391 0.140625
35.7363 4.21875 0.150391 0.140625
35.7363 4.35938 0.150391 0.140625
35.4355 5.34375 0.150391 0.140625
35.4355 5.48438 0.150391 0.140625
35.5859 4.5 0.150391 0.140625
35.5859 4.64063 0.150391 0.140625
35.5859 4.78125 0.150391 0.140625
35.5859 4.92188 0.150391 0.140625
35.5859 5.0625 0.150391 0.140625
35.5859 5.20313 0.150391 0.140625
35.5859 5.34375 0.150391 0.140625
35.5859 5.48438 0.150391 0.140625
35.4355 5.625 0.150391 0.140625
35.4355 5.76563 0.150391 0.140625
35.4355 5.90625 0.150391 0.140625
35.4355 6.04688 0.150391 0.140625
35.2852 6.1875 0.150391 0.140625
35.2852 6.32813 0.150391 0.140625
35.4355 6.1875 0.150391 0.140625
35.4355 6.32813 0.150391 0.140625
35.2852 6.46875 0.150391 0.140625
35.2852 6.60938 0.150391 0.140625
34.834 8.4375 0.150391 0.140625
34.834 8.57813 0.150391 0.140625
34.834 8.71875 0.150391 0.140625
34.834 8.85938 0.150391 0.140625
35.1348 7.03125 0.150391 0.140625
35.1348 7.17188 0.150391 0.140625
35.2852 6.75 0.150391 0.140625
35.2852 6.89063 0.150391 0.140625
35.2852 7.03125 0.150391 0.140625
35.2852 7.17188 0.150391 0.140625
35.1348 7.3125 0.150391 0.140625
35.1348 7.45313 0.150391 0.140625
34.9844 7.59375 0.150391 0.140625
34.9844 7.73438 0.150391 0.140625
35.1348 7.59375 0.150391 0.140625
35.1348 7.73438 0.150391 0.140625
34.9844 7.875 0.150391 0.140625
34.9844 8.01563 0.150391 0.140625
34.9844 8.15625 0.150391 0.140625
34.9844 8.29688 0.150391 0.140625
34.9844 8.4375 0.150391 0.140625
34.9844 8.57813 0.150391 0.140625
33.6309 12.375 0.150391 0.140625
33.6309 12.5156 0.150391 0.140625
33.4805 12.6563 0.150391 0.140625
33.4805 12.7969 0.150391 0.140625
33.6309 12.6563 0.150391 0.140625
33.6309 12.7969 0.150391 0.140625
33.3301 13.2188 0.150391 0.140625
33.3301 13.3594 0.150391 0.140625
33.4805 12.9375 0.150391 0.140625
33.4805 13.0781 0.150391 0.140625
33.4805 13.2188 0.150391 0.140625
33.4805 13.3594 0.150391 0.140625
34.6836 9 0.150391 0.140625
34.6836 9.14063 0.150391 0.140625
34.834 9 0.150391 0.140625
34.834 9.14063 0.150391 0.140625
34.6836 9.28125 0.150391 0.140625
34.6836 9.42188 0.150391 0.140625
34.5332 9.5625 0.150391 0.140625
34.5332 9.70313 0.150391 0.140625
34.5332 9.84375 0.150391 0.140625
34.5332 9.98438 0.150391 0.140625
34.6836 9.5625 0.150391 0.140625
34.6836 9.70313 0.150391 0.140625
34.2324 10.4063 0.150391 0.140625
34.2324 10.5469 0.150391 0.140625
34.2324 10.6875 0.150391 0.140625
34.2324 10.8281 0.150391 0.140625
34.082 10.9688 0.150391 0.140625
34.082 11.1094 0.150391 0.140625
34.2324 10.9688 0.150391 0.140625
34.2324 11.1094 0.150391 0.140625
34.3828 10.125 0.150391 0.140625
34.3828 10.2656 0.150391 0.140625
34.5332 10.125 0.150391 0.140625
34.5332 10.2656 0.150391 0.140625
34.3828 10.4063 0.150391 0.140625
34.3828 10.5469 0.150391 0.140625
33.9316 11.5313 0.150391 0.140625
33.9316 11.6719 0.150391 0.140625
34.082 11.25 0.150391 0.140625
34.082 11.3906 0.150391 0.140625
34.082 11.5313 0.150391 0.140625
34.082 11.6719 0.150391 0.140625
33.7813 11.8125 0.150391 0.140625
33.7813 11.9531 0.150391 0.140625
33.9316 11.8125 0.150391 0.140625
33.9316 11.9531 0.150391 0.140625
33.7813 12.0938 0.150391 0.140625
33.7813 12.2344 0.150391 0.140625
33.7813 12.375 0.150391 0.140625
33.7813 12.5156 0.150391 0.140625
32.4277 15.1875 0.150391 0.140625
32.4277 15.3281 0.150391 0.140625
32.2773 15.4688 0.150391 0.140625
32.2773 15.6094 0.150391 0.140625
32.4277 15.4688 0.150391 0.140625
32.4277 15.6094 0.150391 0.140625
33.0293 13.7813 0.150391 0.140625
33.0293 13.9219 0.150391 0.140625
32.8789 14.0625 0.150391 0.140625
32.8789 14.2031 0.150391 0.140625
33.0293 14.0625 0.150391 0.140625
33.0293 14.2031 0.150391 0.140625
32.8789 14.3438 0.150391 0.140625
32.8789 14.4844 0.150391 0.140625
33.1797 13.5 0.150391 0.140625
33.1797 13.6406 0.150391 0.140625
33.3301 13.5 0.150391 0.140625
33.3301 13.6406 0.150391 0.140625
33.1797 13.7813 0.150391 0.140625
33.1797 13.9219 0.150391 0.140625
32.7285 14.625 0.150391 0.140625
32.7285 14.7656 0.150391 0.140625
32.5781 14.9063 0.150391 0.140625
32.5781 15.0469 0.150391 0.140625
32.7285 14.9063 0.150391 0.140625
32.7285 15.0469 0.150391 0.140625
32.8789 14.625 0.150391 0.140625
32.8789 14.7656 0.150391 0.140625
32.5781 15.1875 0.150391 0.140625
32.5781 15.3281 0.150391 0.140625
31.8262 16.3125 0.150391 0.140625
31.8262 16.4531 0.150391 0.140625
31.6758 16.5938 0.150391 0.140625
31.6758 16.7344 0.150391 0.140625
31.8262 16.5938 0.150391 0.140625
31.8262 16.7344 0.150391 0.140625
32.127 15.75 0.150391 0.140625
32.127 15.8906 0.150391 0.140625
31.9766 16.0313 0.150391 0.140625
31.9766 16.1719 0.150391 0.140625
32.127 16.0313 0.150391 0.140625
32.127 16.1719 0.150391 0.140625
32.2773 15.75 0.150391 0.140625
32.2773 15.8906 0.150391 0.140625
31.9766 16.3125 0.150391 0.140625
31.9766 16.4531 0.150391 0.140625
31.5254 16.875 0.150391 0.140625
31.5254 17.0156 0.150391 0.140625
31.375 17.1563 0.150391 0.140625
31.375 17.2969 0.150391 0.140625
31.5254 17.1563 0.150391 0.140625
31.5254 17.2969 0.150391 0.140625
31.6758 16.875 0.150391 0.140625
31.6758 17.0156 0.150391 0.140625
31.375 17.4375 0.150391 0.140625
31.375 17.5781 0.150391 0.140625
23.7051 26.7188 0.150391 0.140625
23.7051 26.8594 0.150391 0.140625
24.0059 26.4375 0.150391 0.140625
24.0059 26.5781 0.150391 0.140625
23.8555 26.7188 0.150391 0.140625
23.8555 26.8594 0.150391 0.140625
24.0059 26.7188 0.150391 0.140625
24.0059 26.8594 0.150391 0.140625
26.1113 24.4688 0.150391 0.140625
26.1113 24.6094 0.150391 0.140625
26.2617 24.1875 0.150391 0.140625
26.2617 24.3281 0.150391 0.140625
26.4121 24.1875 0.150391 0.140625
26.4121 24.3281 0.150391 0.140625
26.2617 24.4688 0.150391 0.140625
26.2617 24.6094 0.150391 0.140625
24.9082 25.5938 0.150391 0.140625
24.9082 25.7344 0.150391 0.140625
25.209 25.3125 0.150391 0.140625
25.209 25.4531 0.150391 0.140625
25.0586 25.5938 0.150391 0.140625
25.0586 25.7344 0.150391 0.140625
25.209 25.5938 0.150391 0.140625
25.209 25.7344 0.150391 0.140625
24.3066 26.1563 0.150391 0.140625
24.3066 26.2969 0.150391 0.140625
24.6074 25.875 0.150391 0.140625
24.6074 26.0156 0.150391 0.140625
24.457 26.1563 0.150391 0.140625
24.457 26.2969 0.150391 0.140625
24.6074 26.1563 0.150391 0.140625
24.6074 26.2969 0.150391 0.140625
24.1563 26.4375 0.150391 0.140625
24.1563 26.5781 0.150391 0.140625
24.3066 26.4375 0.150391 0.140625
24.3066 26.5781 0.150391 0.140625
24.7578 25.875 0.150391 0.140625
24.7578 26.0156 0.150391 0.140625
24.9082 25.875 0.150391 0.140625
24.9082 26.0156 0.150391 0.140625
25.5098 25.0313 0.150391 0.140625
25.5098 25.1719 0.150391 0.140625
25.8105 24.75 0.150391 0.140625
25.8105 24.8906 0.150391 0.140625
25.6602 25.0313 0.150391 0.140625
25.6602 25.1719 0.150391 0.140625
25.8105 25.0313 0.150391 0.140625
25.8105 25.1719 0.150391 0.140625
25.3594 25.3125 0.150391 0.140625
25.3594 25.4531 0.150391 0.140625
25.5098 25.3125 0.150391 0.140625
25.5098 25.4531 0.150391 0.140625
25.9609 24.75 0.150391 0.140625
25.9609 24.8906 0.150391 0.140625
26.1113 24.75 0.150391 0.140625
26.1113 24.8906 0.150391 0.140625
28.8184 21.0938 0.150391 0.140625
28.8184 21.2344 0.150391 0.140625
28.2168 21.9375 0.150391 0.140625
28.2168 22.0781 0.150391 0.140625
28.0664 22.2188 0.150391 0.140625
28.0664 22.3594 0.150391 0.140625
28.2168 22.2188 0.150391 0.140625
28.2168 22.3594 0.150391 0.140625
28.5176 21.6563 0.150391 0.140625
28.5176 21.7969 0.150391 0.140625
28.668 21.375 0.150391 0.140625
28.668 21.5156 0.150391 0.140625
28.8184 21.375 0.150391 0.140625
28.8184 21.5156 0.150391 0.140625
28.668 21.6563 0.150391 0.140625
28.668 21.7969 0.150391 0.140625
28.3672 21.9375 0.150391 0.140625
28.3672 22.0781 0.150391 0.140625
28.5176 21.9375 0.150391 0.140625
28.5176 22.0781 0.150391 0.140625
30.0215 19.4063 0.150391 0.140625
30.0215 19.5469 0.150391 0.140625
29.7207 19.9688 0.150391 0.140625
29.7207 20.1094 0.150391 0.140625
29.8711 19.6875 0.150391 0.140625
29.8711 19.8281 0.150391 0.140625
30.0215 19.6875 0.150391 0.140625
30.0215 19.8281 0.150391 0.140625
29.8711 19.9688 0.150391 0.140625
29.8711 20.1094 0.150391 0.140625
30.623 18.5625 0.150391 0.140625
30.623 18.7031 0.150391 0.140625
30.4727 18.8438 0.150391 0.140625
30.4727 18.9844 0.150391 0.140625
30.623 18.8438 0.150391 0.140625
30.623 18.9844 0.150391 0.140625
30.9238 18 0.150391 0.140625
30.9238 18.1406 0.150391 0.140625
30.7734 18.2813 0.150391 0.140625
30.7734 18.4219 0.150391 0.140625
30.9238 18.2813 0.150391 0.140625
30.9238 18.4219 0.150391 0.140625
31.0742 18 0.150391 0.140625
31.0742 18.1406 0.150391 0.140625
30.7734 18.5625 0.150391 0.140625
30.7734 18.7031 0.150391 0.140625
30.1719 19.125 0.150391 0.140625
30.1719 19.2656 0.150391 0.140625
30.3223 19.125 0.150391 0.140625
30.3223 19.2656 0.150391 0.140625
30.1719 19.4063 0.150391 0.140625
30.1719 19.5469 0.150391 0.140625
30.4727 19.125 0.150391 0.140625
30.4727 19.2656 0.150391 0.140625
29.2695 20.5313 0.150391 0.140625
29.2695 20.6719 0.150391 0.140625
29.4199 20.5313 0.150391 0.140625
29.4199 20.6719 0.150391 0.140625
29.1191 20.8125 0.150391 0.140625
29.1191 20.9531 0.150391 0.140625
28.9688 21.0938 0.150391 0.140625
28.9688 21.2344 0.150391 0.140625
29.1191 21.0938 0.150391 0.140625
29.1191 21.2344 0.150391 0.140625
29.2695 20.8125 0.150391 0.140625
29.2695 20.9531 0.150391 0.140625
29.5703 20.25 0.150391 0.140625
29.5703 20.3906 0.150391 0.140625
29.7207 20.25 0.150391 0.140625
29.7207 20.3906 0.150391 0.140625
29.5703 20.5313 0.150391 0.140625
29.5703 20.6719 0.150391 0.140625
27.0137 23.3438 0.150391 0.140625
27.0137 23.4844 0.150391 0.140625
27.6152 22.7813 0.150391 0.140625
27.6152 22.9219 0.150391 0.140625
27.3145 23.0625 0.150391 0.140625
27.3145 23.2031 0.150391 0.140625
27.1641 23.3438 0.150391 0.140625
27.1641 23.4844 0.150391 0.140625
27.3145 23.3438 0.150391 0.140625
27.3145 23.4844 0.150391 0.140625
27.4648 23.0625 0.150391 0.140625
27.4648 23.2031 0.150391 0.140625
27.6152 23.0625 0.150391 0.140625
27.6152 23.2031 0.150391 0.140625
26.5625 23.9063 0.150391 0.140625
26.5625 24.0469 0.150391 0.140625
26.7129 23.9063 0.150391 0.140625
26.7129 24.0469 0.150391 0.140625
26.8633 23.625 0.150391 0.140625
26.8633 23.7656 0.150391 0.140625
27.0137 23.625 0.150391 0.140625
27.0137 23.7656 0.150391 0.140625
26.8633 23.9063 0.150391 0.140625
26.8633 24.0469 0.150391 0.140625
26.5625 24.1875 0.150391 0.140625
26.5625 24.3281 0.150391 0.140625
27.7656 22.5 0.150391 0.140625
27.7656 22.6406 0.150391 0.140625
27.916 22.5 0.150391 0.140625
27.916 22.6406 0.150391 0.140625
27.7656 22.7813 0.150391 0.140625
27.7656 22.9219 0.150391 0.140625
28.0664 22.5 0.150391 0.140625
28.0664 22.6406 0.150391 0.140625
22.3516 27.8438 0.150391 0.140625
22.3516 27.9844 0.150391 0.140625
22.502 27.8438 0.150391 0.140625
22.502 27.9844 0.150391 0.140625
22.8027 27.5625 0.150391 0.140625
22.8027 27.7031 0.150391 0.140625
22.6523 27.8438 0.150391 0.140625
22.6523 27.9844 0.150391 0.140625
22.8027 27.8438 0.150391 0.140625
22.8027 27.9844 0.150391 0.140625
21.75 28.4063 0.150391 0.140625
21.75 28.5469 0.150391 0.140625
21.9004 28.4063 0.150391 0.140625
21.9004 28.5469 0.150391 0.140625
22.0508 28.125 0.150391 0.140625
22.0508 28.2656 0.150391 0.140625
22.2012 28.125 0.150391 0.140625
22.2012 28.2656 0.150391 0.140625
22.0508 28.4063 0.150391 0.140625
22.0508 28.5469 0.150391 0.140625
22.3516 28.125 0.150391 0.140625
22.3516 28.2656 0.150391 0.140625
23.1035 27.2813 0.150391 0.140625
23.1035 27.4219 0.150391 0.140625
23.4043 27 0.150391 0.140625
23.4043 27.1406 0.150391 0.140625
23.2539 27.2813 0.150391 0.140625
23.2539 27.4219 0.150391 0.140625
23.4043 27.2813 0.150391 0.140625
23.4043 27.4219 0.150391 0.140625
22.9531 27.5625 0.150391 0.140625
22.9531 27.7031 0.150391 0.140625
23.1035 27.5625 0.150391 0.140625
23.1035 27.7031 0.150391 0.140625
23.5547 27 0.150391 0.140625
23.5547 27.1406 0.150391 0.140625
23.7051 27 0.150391 0.140625
23.7051 27.1406 0.150391 0.140625
