-26.375 0 9.625 9
-16.75 9 9.625 9
-7.125 9 9.625 9
-16.75 18 9.625 9
-7.125 18 9.625 9
2.5 9 9.625 9
12.125 9 9.625 9
2.5 18 9.625 9
12.125 18 9.625 9
21.75 0 9.625 9
-21.5625 9 4.8125 9
-16.75 0 4.8125 9
16.9375 0 4.8125 9
21.75 9 4.8125 9
-26.375 9 4.8125 4.5
-21.5625 18 4.8125 4.5
-11.9375 4.5 4.8125 4.5
-11.9375 27 4.8125 4.5
-7.125 27 4.8125 4.5
-2.3125 27 4.8125 4.5
12.125 4.5 4.8125 4.5
2.5 27 4.8125 4.5
7.3125 27 4.8125 4.5
12.125 27 4.8125 4.5
26.5625 9 4.8125 4.5
21.75 18 4.8125 4.5
-28.7813 0 2.40625 4.5
-28.7813 4.5 2.40625 4.5
-23.9688 13.5 2.40625 4.5
-11.9375 0 2.40625 4.5
14.5313 0 2.40625 4.5
26.5625 13.5 2.40625 4.5
31.375 0 2.40625 4.5
31.375 4.5 2.40625 4.5
-28.7813 9 2.40625 2.25
-26.375 13.5 2.40625 2.25
-23.9688 18 2.40625 2.25
-19.1563 22.5 2.40625 2.25
-7.125 6.75 2.40625 2.25
-14.3438 27 2.40625 2.25
-7.125 31.5 2.40625 2.25
-4.71875 31.5 2.40625 2.25
-2.3125 31.5 2.40625 2.25
0.09375 31.5 2.40625 2.25
9.71875 6.75 2.40625 2.25
2.5 31.5 2.40625 2.25
4.90625 31.5 2.40625 2.25
7.3125 31.5 2.40625 2.25
9.71875 31.5 2.40625 2.25
16.9375 27 2.40625 2.25
28.9688 13.5 2.40625 2.25
31.375 9 2.40625 2.25
21.75 22.5 2.40625 2.25
26.5625 18 2.40625 2.25
-29.9844 0 1.20313 2.25
-29.9844 2.25 1.20313 2.25
-29.9844 4.5 1.20313 2.25
-27.5781 11.25 1.20313 2.25
-25.1719 15.75 1.20313 2.25
-22.7656 20.25 1.20313 2.25
-20.3594 22.5 1.20313 2.25
-17.9531 24.75 1.20313 2.25
-9.53125 0 1.20313 2.25
-9.53125 2.25 1.20313 2.25
-15.5469 27 1.20313 2.25
13.3281 0 1.20313 2.25
13.3281 2.25 1.20313 2.25
19.3438 27 1.20313 2.25
28.9688 15.75 1.20313 2.25
33.7813 0 1.20313 2.25
33.7813 2.25 1.20313 2.25
33.7813 4.5 1.20313 2.25
31.375 11.25 1.20313 2.25
21.75 24.75 1.20313 2.25
24.1563 22.5 1.20313 2.25
26.5625 20.25 1.20313 2.25
-29.9844 6.75 1.20313 1.125
-28.7813 11.25 1.20313 1.125
-27.5781 13.5 1.20313 1.125
-26.375 15.75 1.20313 1.125
-25.1719 18 1.20313 1.125
-21.5625 22.5 1.20313 1.125
-19.1563 24.75 1.20313 1.125
-7.125 5.625 1.20313 1.125
-4.71875 7.875 1.20313 1.125
-3.51563 7.875 1.20313 1.125
-16.75 27 1.20313 1.125
-13.1406 29.25 1.20313 1.125
-9.53125 31.5 1.20313 1.125
-8.32813 31.5 1.20313 1.125
-3.51563 33.75 1.20313 1.125
-2.3125 33.75 1.20313 1.125
-1.10938 33.75 1.20313 1.125
0.09375 33.75 1.20313 1.125
1.29688 33.75 1.20313 1.125
7.3125 7.875 1.20313 1.125
8.51563 7.875 1.20313 1.125
10.9219 5.625 1.20313 1.125
2.5 33.75 1.20313 1.125
3.70313 33.75 1.20313 1.125
4.90625 33.75 1.20313 1.125
6.10938 33.75 1.20313 1.125
7.3125 33.75 1.20313 1.125
12.125 31.5 1.20313 1.125
13.3281 31.5 1.20313 1.125
16.9375 29.25 1.20313 1.125
20.5469 27 1.20313 1.125
30.1719 15.75 1.20313 1.125
33.7813 6.75 1.20313 1.125
32.5781 11.25 1.20313 1.125
31.375 13.5 1.20313 1.125
22.9531 24.75 1.20313 1.125
25.3594 22.5 1.20313 1.125
28.9688 18 1.20313 1.125
-30.5859 0 0.601563 1.125
-30.5859 1.125 0.601563 1.125
-30.5859 2.25 0.601563 1.125
-30.5859 3.375 0.601563 1.125
-29.3828 7.875 0.601563 1.125
-29.3828 9 0.601563 1.125
-28.1797 12.375 0.601563 1.125
-26.9766 14.625 0.601563 1.125
-25.7734 16.875 0.601563 1.125
-24.5703 19.125 0.601563 1.125
-23.3672 20.25 0.601563 1.125
-20.9609 23.625 0.601563 1.125
-19.7578 24.75 0.601563 1.125
-18.5547 25.875 0.601563 1.125
-17.3516 27 0.601563 1.125
-8.32813 2.25 0.601563 1.125
-8.32813 3.375 0.601563 1.125
-2.3125 7.875 0.601563 1.125
1.89844 7.875 0.601563 1.125
-13.7422 29.25 0.601563 1.125
-10.1328 31.5 0.601563 1.125
2.5 7.875 0.601563 1.125
6.71094 7.875 0.601563 1.125
12.7266 2.25 0.601563 1.125
12.7266 3.375 0.601563 1.125
14.5313 31.5 0.601563 1.125
18.1406 29.25 0.601563 1.125
30.1719 16.875 0.601563 1.125
34.9844 0 0.601563 1.125
34.9844 1.125 0.601563 1.125
34.9844 2.25 0.601563 1.125
34.9844 3.375 0.601563 1.125
33.7813 7.875 0.601563 1.125
32.5781 12.375 0.601563 1.125
33.7813 9 0.601563 1.125
31.375 14.625 0.601563 1.125
22.9531 25.875 0.601563 1.125
25.3594 23.625 0.601563 1.125
24.1563 24.75 0.601563 1.125
27.7656 20.25 0.601563 1.125
28.9688 19.125 0.601563 1.125
21.75 27 0.601563 1.125
-30.5859 4.5 0.601563 0.5625
-29.9844 7.875 0.601563 0.5625
-27.5781 14.625 0.601563 0.5625
-26.9766 15.75 0.601563 0.5625
-26.375 16.875 0.601563 0.5625
-25.7734 18 0.601563 0.5625
-23.9688 20.25 0.601563 0.5625
-23.3672 21.375 0.601563 0.5625
-22.1641 22.5 0.601563 0.5625
-21.5625 23.625 0.601563 0.5625
-20.3594 24.75 0.601563 0.5625
-19.1563 25.875 0.601563 0.5625
-17.9531 27 0.601563 0.5625
-7.72656 3.9375 0.601563 0.5625
-7.125 5.0625 0.601563 0.5625
-5.92188 6.1875 0.601563 0.5625
-4.71875 7.3125 0.601563 0.5625
-4.11719 7.3125 0.601563 0.5625
-1.71094 8.4375 0.601563 0.5625
-1.10938 8.4375 0.601563 0.5625
-0.507813 8.4375 0.601563 0.5625
0.09375 8.4375 0.601563 0.5625
0.695313 8.4375 0.601563 0.5625
1.29688 8.4375 0.601563 0.5625
-16.1484 28.125 0.601563 0.5625
-14.9453 29.25 0.601563 0.5625
-14.3438 29.25 0.601563 0.5625
-13.1406 30.375 0.601563 0.5625
-12.5391 30.375 0.601563 0.5625
-11.3359 31.5 0.601563 0.5625
-10.7344 31.5 0.601563 0.5625
-8.92969 32.625 0.601563 0.5625
-8.32813 32.625 0.601563 0.5625
-7.72656 32.625 0.601563 0.5625
-5.32031 33.75 0.601563 0.5625
-4.71875 33.75 0.601563 0.5625
-4.11719 33.75 0.601563 0.5625
-1.10938 34.875 0.601563 0.5625
-0.507813 34.875 0.601563 0.5625
0.09375 34.875 0.601563 0.5625
0.695313 34.875 0.601563 0.5625
1.29688 34.875 0.601563 0.5625
1.89844 34.875 0.601563 0.5625
3.10156 8.4375 0.601563 0.5625
3.70313 8.4375 0.601563 0.5625
4.30469 8.4375 0.601563 0.5625
4.90625 8.4375 0.601563 0.5625
5.50781 8.4375 0.601563 0.5625
6.10938 8.4375 0.601563 0.5625
8.51563 7.3125 0.601563 0.5625
9.11719 7.3125 0.601563 0.5625
10.3203 6.1875 0.601563 0.5625
11.5234 5.0625 0.601563 0.5625
12.125 3.9375 0.601563 0.5625
2.5 34.875 0.601563 0.5625
3.10156 34.875 0.601563 0.5625
3.70313 34.875 0.601563 0.5625
4.30469 34.875 0.601563 0.5625
4.90625 34.875 0.601563 0.5625
5.50781 34.875 0.601563 0.5625
8.51563 33.75 0.601563 0.5625
9.11719 33.75 0.601563 0.5625
9.71875 33.75 0.601563 0.5625
12.125 32.625 0.601563 0.5625
12.7266 32.625 0.601563 0.5625
13.3281 32.625 0.601563 0.5625
15.1328 31.5 0.601563 0.5625
15.7344 31.5 0.601563 0.5625
16.9375 30.375 0.601563 0.5625
17.5391 30.375 0.601563 0.5625
18.7422 29.25 0.601563 0.5625
20.5469 28.125 0.601563 0.5625
19.3438 29.25 0.601563 0.5625
30.7734 16.875 0.601563 0.5625
34.9844 4.5 0.601563 0.5625
34.3828 7.875 0.601563 0.5625
31.9766 14.625 0.601563 0.5625
31.375 15.75 0.601563 0.5625
23.5547 25.875 0.601563 0.5625
25.9609 23.625 0.601563 0.5625
24.7578 24.75 0.601563 0.5625
28.3672 20.25 0.601563 0.5625
27.7656 21.375 0.601563 0.5625
30.1719 18 0.601563 0.5625
26.5625 22.5 0.601563 0.5625
22.3516 27 0.601563 0.5625
-30.8867 0 0.300781 0.5625
-30.8867 0.5625 0.300781 0.5625
-30.8867 1.125 0.300781 0.5625
-30.8867 1.6875 0.300781 0.5625
-30.8867 2.25 0.300781 0.5625
-30.2852 5.0625 0.300781 0.5625
-30.2852 5.625 0.300781 0.5625
-30.2852 6.1875 0.300781 0.5625
-29.6836 8.4375 0.300781 0.5625
-29.6836 9 0.300781 0.5625
-29.082 10.125 0.300781 0.5625
-29.082 10.6875 0.300781 0.5625
-28.4805 12.375 0.300781 0.5625
-27.8789 13.5 0.300781 0.5625
-27.8789 14.0625 0.300781 0.5625
-27.2773 15.1875 0.300781 0.5625
-26.6758 16.3125 0.300781 0.5625
-26.0742 17.4375 0.300781 0.5625
-25.4727 18.5625 0.300781 0.5625
-24.8711 19.125 0.300781 0.5625
-24.2695 20.25 0.300781 0.5625
-23.668 20.8125 0.300781 0.5625
-23.0664 21.9375 0.300781 0.5625
-22.4648 22.5 0.300781 0.5625
-21.8633 23.0625 0.300781 0.5625
-8.32813 0 0.300781 0.5625
-8.32813 0.5625 0.300781 0.5625
-8.32813 1.125 0.300781 0.5625
-8.32813 1.6875 0.300781 0.5625
-7.72656 3.375 0.300781 0.5625
-7.125 4.5 0.300781 0.5625
-6.52344 5.0625 0.300781 0.5625
-4.71875 6.75 0.300781 0.5625
-1.71094 7.875 0.300781 0.5625
1.59766 7.875 0.300781 0.5625
-16.4492 28.125 0.300781 0.5625
-15.8477 28.6875 0.300781 0.5625
-14.043 29.8125 0.300781 0.5625
-12.2383 30.9375 0.300781 0.5625
-7.42578 33.1875 0.300781 0.5625
-5.62109 33.75 0.300781 0.5625
-3.81641 34.3125 0.300781 0.5625
3.10156 7.875 0.300781 0.5625
6.41016 7.875 0.300781 0.5625
9.41797 6.75 0.300781 0.5625
11.2227 5.0625 0.300781 0.5625
11.8242 4.5 0.300781 0.5625
13.0273 0 0.300781 0.5625
13.0273 0.5625 0.300781 0.5625
13.0273 1.125 0.300781 0.5625
13.0273 1.6875 0.300781 0.5625
12.4258 3.375 0.300781 0.5625
8.51563 34.3125 0.300781 0.5625
10.3203 33.75 0.300781 0.5625
12.125 33.1875 0.300781 0.5625
16.9375 30.9375 0.300781 0.5625
18.7422 29.8125 0.300781 0.5625
20.5469 28.6875 0.300781 0.5625
21.1484 28.125 0.300781 0.5625
30.7734 17.4375 0.300781 0.5625
35.5859 0 0.300781 0.5625
35.5859 0.5625 0.300781 0.5625
35.5859 1.125 0.300781 0.5625
35.5859 1.6875 0.300781 0.5625
35.5859 2.25 0.300781 0.5625
34.9844 5.0625 0.300781 0.5625
34.9844 5.625 0.300781 0.5625
34.9844 6.1875 0.300781 0.5625
34.3828 8.4375 0.300781 0.5625
33.1797 12.375 0.300781 0.5625
34.3828 9 0.300781 0.5625
33.7813 10.125 0.300781 0.5625
33.7813 10.6875 0.300781 0.5625
31.9766 15.1875 0.300781 0.5625
32.5781 13.5 0.300781 0.5625
32.5781 14.0625 0.300781 0.5625
31.375 16.3125 0.300781 0.5625
28.3672 20.8125 0.300781 0.5625
27.7656 21.9375 0.300781 0.5625
29.5703 19.125 0.300781 0.5625
30.1719 18.5625 0.300781 0.5625
28.9688 20.25 0.300781 0.5625
26.5625 23.0625 0.300781 0.5625
27.1641 22.5 0.300781 0.5625
-30.5859 5.0625 0.300781 0.28125
-30.2852 6.75 0.300781 0.28125
-29.3828 10.125 0.300781 0.28125
-29.082 11.25 0.300781 0.28125
-28.4805 12.9375 0.300781 0.28125
-28.1797 13.5 0.300781 0.28125
-25.1719 19.125 0.300781 0.28125
-24.8711 19.6875 0.300781 0.28125
-24.5703 20.25 0.300781 0.28125
-23.9688 20.8125 0.300781 0.28125
-23.668 21.375 0.300781 0.28125
-22.7656 22.5 0.300781 0.28125
-22.1641 23.0625 0.300781 0.28125
-21.8633 23.625 0.300781 0.28125
-21.2617 24.1875 0.300781 0.28125
-20.6602 24.75 0.300781 0.28125
-20.0586 25.3125 0.300781 0.28125
-19.457 25.875 0.300781 0.28125
-18.8555 26.4375 0.300781 0.28125
-18.2539 27 0.300781 0.28125
-17.6523 27.5625 0.300781 0.28125
-17.0508 28.125 0.300781 0.28125
-7.72656 3.09375 0.300781 0.28125
-7.42578 3.65625 0.300781 0.28125
-7.125 4.21875 0.300781 0.28125
-6.82422 4.78125 0.300781 0.28125
-5.92188 5.90625 0.300781 0.28125
-5.32031 6.46875 0.300781 0.28125
-5.01953 6.46875 0.300781 0.28125
-4.41797 7.03125 0.300781 0.28125
-4.11719 7.03125 0.300781 0.28125
-3.51563 7.59375 0.300781 0.28125
-3.21484 7.59375 0.300781 0.28125
-2.91406 7.59375 0.300781 0.28125
-1.41016 8.15625 0.300781 0.28125
-1.10938 8.15625 0.300781 0.28125
-0.808594 8.15625 0.300781 0.28125
-0.507813 8.15625 0.300781 0.28125
-0.207031 8.15625 0.300781 0.28125
0.09375 8.15625 0.300781 0.28125
0.394531 8.15625 0.300781 0.28125
0.695313 8.15625 0.300781 0.28125
0.996094 8.15625 0.300781 0.28125
1.29688 8.15625 0.300781 0.28125
-16.75 28.125 0.300781 0.28125
-16.1484 28.6875 0.300781 0.28125
-15.5469 29.25 0.300781 0.28125
-15.2461 29.25 0.300781 0.28125
-14.6445 29.8125 0.300781 0.28125
-14.3438 29.8125 0.300781 0.28125
-13.7422 30.375 0.300781 0.28125
-13.4414 30.375 0.300781 0.28125
-12.8398 30.9375 0.300781 0.28125
-12.5391 30.9375 0.300781 0.28125
-11.6367 31.5 0.300781 0.28125
-10.7344 32.0625 0.300781 0.28125
-10.4336 32.0625 0.300781 0.28125
-9.53125 32.625 0.300781 0.28125
-9.23047 32.625 0.300781 0.28125
-8.02734 33.1875 0.300781 0.28125
-7.72656 33.1875 0.300781 0.28125
-6.52344 33.75 0.300781 0.28125
-6.22266 33.75 0.300781 0.28125
-5.92188 33.75 0.300781 0.28125
-4.71875 34.3125 0.300781 0.28125
-4.41797 34.3125 0.300781 0.28125
-4.11719 34.3125 0.300781 0.28125
-2.61328 34.875 0.300781 0.28125
-2.3125 34.875 0.300781 0.28125
-2.01172 34.875 0.300781 0.28125
-1.71094 34.875 0.300781 0.28125
-1.41016 34.875 0.300781 0.28125
0.695313 35.4375 0.300781 0.28125
0.996094 35.4375 0.300781 0.28125
1.29688 35.4375 0.300781 0.28125
1.59766 35.4375 0.300781 0.28125
1.89844 35.4375 0.300781 0.28125
2.19922 35.4375 0.300781 0.28125
3.40234 8.15625 0.300781 0.28125
3.70313 8.15625 0.300781 0.28125
4.00391 8.15625 0.300781 0.28125
4.30469 8.15625 0.300781 0.28125
4.60547 8.15625 0.300781 0.28125
4.90625 8.15625 0.300781 0.28125
5.20703 8.15625 0.300781 0.28125
5.50781 8.15625 0.300781 0.28125
5.80859 8.15625 0.300781 0.28125
6.10938 8.15625 0.300781 0.28125
11.8242 4.21875 0.300781 0.28125
7.61328 7.59375 0.300781 0.28125
7.91406 7.59375 0.300781 0.28125
8.21484 7.59375 0.300781 0.28125
8.81641 7.03125 0.300781 0.28125
9.11719 7.03125 0.300781 0.28125
9.71875 6.46875 0.300781 0.28125
10.0195 6.46875 0.300781 0.28125
10.6211 5.90625 0.300781 0.28125
11.5234 4.78125 0.300781 0.28125
12.4258 3.09375 0.300781 0.28125
12.125 3.65625 0.300781 0.28125
2.5 35.4375 0.300781 0.28125
2.80078 35.4375 0.300781 0.28125
3.10156 35.4375 0.300781 0.28125
3.40234 35.4375 0.300781 0.28125
3.70313 35.4375 0.300781 0.28125
4.00391 35.4375 0.300781 0.28125
6.10938 34.875 0.300781 0.28125
6.41016 34.875 0.300781 0.28125
6.71094 34.875 0.300781 0.28125
7.01172 34.875 0.300781 0.28125
7.3125 34.875 0.300781 0.28125
8.81641 34.3125 0.300781 0.28125
9.11719 34.3125 0.300781 0.28125
9.41797 34.3125 0.300781 0.28125
10.6211 33.75 0.300781 0.28125
10.9219 33.75 0.300781 0.28125
11.2227 33.75 0.300781 0.28125
12.4258 33.1875 0.300781 0.28125
12.7266 33.1875 0.300781 0.28125
13.9297 32.625 0.300781 0.28125
14.2305 32.625 0.300781 0.28125
15.1328 32.0625 0.300781 0.28125
15.4336 32.0625 0.300781 0.28125
16.3359 31.5 0.300781 0.28125
17.2383 30.9375 0.300781 0.28125
17.5391 30.9375 0.300781 0.28125
19.043 29.8125 0.300781 0.28125
18.1406 30.375 0.300781 0.28125
18.4414 30.375 0.300781 0.28125
20.8477 28.6875 0.300781 0.28125
21.4492 28.125 0.300781 0.28125
19.3438 29.8125 0.300781 0.28125
19.9453 29.25 0.300781 0.28125
20.2461 29.25 0.300781 0.28125
35.2852 5.0625 0.300781 0.28125
34.9844 6.75 0.300781 0.28125
33.1797 12.9375 0.300781 0.28125
34.082 10.125 0.300781 0.28125
33.7813 11.25 0.300781 0.28125
32.8789 13.5 0.300781 0.28125
23.5547 26.4375 0.300781 0.28125
25.9609 24.1875 0.300781 0.28125
24.7578 25.3125 0.300781 0.28125
24.1563 25.875 0.300781 0.28125
25.3594 24.75 0.300781 0.28125
28.668 20.8125 0.300781 0.28125
28.3672 21.375 0.300781 0.28125
29.8711 19.125 0.300781 0.28125
29.5703 19.6875 0.300781 0.28125
29.2695 20.25 0.300781 0.28125
26.8633 23.0625 0.300781 0.28125
27.4648 22.5 0.300781 0.28125
26.5625 23.625 0.300781 0.28125
22.3516 27.5625 0.300781 0.28125
21.75 28.125 0.300781 0.28125
22.9531 27 0.300781 0.28125
-30.7363 2.8125 0.150391 0.28125
-30.7363 3.09375 0.150391 0.28125
-30.7363 3.375 0.150391 0.28125
-30.7363 3.65625 0.150391 0.28125
-30.7363 3.9375 0.150391 0.28125
-30.4355 5.34375 0.150391 0.28125
-30.4355 5.625 0.150391 0.28125
-30.4355 5.90625 0.150391 0.28125
-30.1348 7.03125 0.150391 0.28125
-30.1348 7.3125 0.150391 0.28125
-29.834 8.4375 0.150391 0.28125
-29.834 8.71875 0.150391 0.28125
-29.5332 9.5625 0.150391 0.28125
-29.5332 9.84375 0.150391 0.28125
-29.2324 10.4063 0.150391 0.28125
-29.2324 10.6875 0.150391 0.28125
-28.9316 11.5313 0.150391 0.28125
-28.6309 12.375 0.150391 0.28125
-28.3301 13.2188 0.150391 0.28125
-28.0293 13.7813 0.150391 0.28125
-27.7285 14.625 0.150391 0.28125
-27.4277 15.1875 0.150391 0.28125
-27.127 15.75 0.150391 0.28125
-26.8262 16.3125 0.150391 0.28125
-26.5254 16.875 0.150391 0.28125
-26.2246 17.4375 0.150391 0.28125
-25.9238 18 0.150391 0.28125
-25.623 18.5625 0.150391 0.28125
-25.0215 19.4063 0.150391 0.28125
-24.7207 19.9688 0.150391 0.28125
-24.1191 20.8125 0.150391 0.28125
-23.8184 21.0938 0.150391 0.28125
-23.5176 21.6563 0.150391 0.28125
-23.2168 21.9375 0.150391 0.28125
-22.6152 22.7813 0.150391 0.28125
-22.3145 23.0625 0.150391 0.28125
-22.0137 23.3438 0.150391 0.28125
-21.1113 24.4688 0.150391 0.28125
-20.8105 24.75 0.150391 0.28125
-20.5098 25.0313 0.150391 0.28125
-20.209 25.3125 0.150391 0.28125
-19.9082 25.5938 0.150391 0.28125
-19.6074 25.875 0.150391 0.28125
-19.3066 26.1563 0.150391 0.28125
-19.0059 26.4375 0.150391 0.28125
-18.7051 26.7188 0.150391 0.28125
-18.4043 27 0.150391 0.28125
-18.1035 27.2813 0.150391 0.28125
-17.8027 27.5625 0.150391 0.28125
-8.02734 1.40625 0.150391 0.28125
-8.02734 1.6875 0.150391 0.28125
-8.02734 1.96875 0.150391 0.28125
-7.72656 2.8125 0.150391 0.28125
-7.42578 3.375 0.150391 0.28125
-7.125 3.9375 0.150391 0.28125
-6.82422 4.5 0.150391 0.28125
-6.22266 5.34375 0.150391 0.28125
-5.92188 5.625 0.150391 0.28125
-5.62109 5.90625 0.150391 0.28125
-5.32031 6.1875 0.150391 0.28125
-3.51563 7.3125 0.150391 0.28125
1.44727 7.875 0.150391 0.28125
-16.5996 28.4063 0.150391 0.28125
-16.2988 28.6875 0.150391 0.28125
-15.0957 29.5313 0.150391 0.28125
-14.1934 30.0938 0.150391 0.28125
-13.291 30.6563 0.150391 0.28125
-12.3887 31.2188 0.150391 0.28125
-11.7871 31.5 0.150391 0.28125
-8.17773 33.1875 0.150391 0.28125
-6.67383 33.75 0.150391 0.28125
-5.77148 34.0313 0.150391 0.28125
-4.86914 34.3125 0.150391 0.28125
-1.25977 35.1563 0.150391 0.28125
0.544922 35.4375 0.150391 0.28125
3.40234 7.875 0.150391 0.28125
11.9746 3.9375 0.150391 0.28125
8.36523 7.3125 0.150391 0.28125
10.1699 6.1875 0.150391 0.28125
10.4707 5.90625 0.150391 0.28125
10.7715 5.625 0.150391 0.28125
11.0723 5.34375 0.150391 0.28125
11.6738 4.5 0.150391 0.28125
12.877 1.40625 0.150391 0.28125
12.877 1.6875 0.150391 0.28125
12.877 1.96875 0.150391 0.28125
12.5762 2.8125 0.150391 0.28125
12.2754 3.375 0.150391 0.28125
4.30469 35.4375 0.150391 0.28125
6.10938 35.1563 0.150391 0.28125
9.71875 34.3125 0.150391 0.28125
10.6211 34.0313 0.150391 0.28125
11.5234 33.75 0.150391 0.28125
13.0273 33.1875 0.150391 0.28125
16.6367 31.5 0.150391 0.28125
17.2383 31.2188 0.150391 0.28125
19.043 30.0938 0.150391 0.28125
18.1406 30.6563 0.150391 0.28125
21.4492 28.4063 0.150391 0.28125
21.1484 28.6875 0.150391 0.28125
19.9453 29.5313 0.150391 0.28125
31.0742 17.4375 0.150391 0.28125
35.5859 2.8125 0.150391 0.28125
35.5859 3.09375 0.150391 0.28125
35.5859 3.375 0.150391 0.28125
35.5859 3.65625 0.150391 0.28125
35.5859 3.9375 0.150391 0.28125
35.2852 5.34375 0.150391 0.28125
35.2852 5.625 0.150391 0.28125
35.2852 5.90625 0.150391 0.28125
34.6836 8.4375 0.150391 0.28125
34.6836 8.71875 0.150391 0.28125
34.9844 7.03125 0.150391 0.28125
34.9844 7.3125 0.150391 0.28125
33.4805 12.375 0.150391 0.28125
33.1797 13.2188 0.150391 0.28125
34.3828 9.5625 0.150391 0.28125
34.3828 9.84375 0.150391 0.28125
34.082 10.4063 0.150391 0.28125
34.082 10.6875 0.150391 0.28125
33.7813 11.5313 0.150391 0.28125
32.2773 15.1875 0.150391 0.28125
32.8789 13.7813 0.150391 0.28125
32.5781 14.625 0.150391 0.28125
31.6758 16.3125 0.150391 0.28125
31.9766 15.75 0.150391 0.28125
31.375 16.875 0.150391 0.28125
23.5547 26.7188 0.150391 0.28125
23.8555 26.4375 0.150391 0.28125
25.9609 24.4688 0.150391 0.28125
24.7578 25.5938 0.150391 0.28125
25.0586 25.3125 0.150391 0.28125
24.1563 26.1563 0.150391 0.28125
24.457 25.875 0.150391 0.28125
25.3594 25.0313 0.150391 0.28125
25.6602 24.75 0.150391 0.28125
28.668 21.0938 0.150391 0.28125
28.0664 21.9375 0.150391 0.28125
28.3672 21.6563 0.150391 0.28125
29.8711 19.4063 0.150391 0.28125
29.5703 19.9688 0.150391 0.28125
30.4727 18.5625 0.150391 0.28125
30.7734 18 0.150391 0.28125
28.9688 20.8125 0.150391 0.28125
26.8633 23.3438 0.150391 0.28125
27.4648 22.7813 0.150391 0.28125
27.1641 23.0625 0.150391 0.28125
22.6523 27.5625 0.150391 0.28125
22.9531 27.2813 0.150391 0.28125
23.2539 27 0.150391 0.28125
